0.0
0.0
0.0
0.0
0.0
0.0
0.0
0.0
0.0
0.0
0.0
0.0
0.0
0.0
0.0
0.337290066617
0.522559374537
0.503258334776
0.485460760746
0.468995593589
0.453716339187
0.439496986922
0.678407090938
0.816689088315
0.916118213778
1.11607627968
1.22920419106
1.20044230132
1.17307123264
1.14699684589
1.12213219686
1.0983971173
1.07571775045
1.05402607476
1.03325943638
1.01336010253
0.994274842104
0.975954536492
0.958353821371
0.941430758863
0.92514653865
0.909465206225
0.894353416235
0.879780208855
0.865716807151
0.852136433496
0.839014143217
0.826326673815
0.81405230822
0.802170750688
0.790663014085
0.77951131743
0.768698992662
0.758210399737
0.74803084922
0.805958492868
0.855910356111
0.899567632387
0.961577582563
0.950466514473
0.93963123928
0.929061553177
0.918747735407
0.908680521901
0.898851080362
0.889250986777
0.879872203268
0.870707057223
0.861748221649
0.957460728032
0.947766803746
0.938284748067
0.929007571239
0.919928585217
0.911041388003
0.963872445165
0.95484433279
0.945998913022
0.937330597717
0.997558571308
0.988645981041
