0.0
0.0
0.0
0.0
0.0
0.0
0.0
0.0
0.0
0.0
0.0
0.413816850304
0.619382194679
0.749595257259
0.721928094887
0.811278124459
0.873981048127
0.852405178649
0.83147438801
0.811278124459
0.863120568567
0.902393282795
0.932111567617
0.954434002925
0.970950594455
0.982858689713
0.991076059838
0.985228136034
0.978449329269
0.970950594455
0.962900414771
0.954434002925
0.945660304601
0.936667381878
0.927526588432
0.918295834054
0.909022156088
0.899743758698
0.890491640219
0.881290899231
0.872161788341
0.863120568567
0.854180205152
0.845350936622
0.836640741941
0.858981037043
0.878674493217
0.896038232535
0.888646669898
0.881290899231
0.873981048127
0.866725613095
0.883585086105
0.898653375691
0.892121280577
0.905928216043
0.918295834054
0.929363626014
0.939254720731
0.934068055375
0.928839146188
0.923578599618
0.918295834054
0.912999213585
0.907696165361
0.902393282795
0.91324016143
0.9081783473
0.903116172157
0.913460145257
0.908618598041
0.903776288235
0.898937785208
0.909022156088
0.904381457724
0.913847287326
0.909393422673
0.904938259424
0.900485433478
0.909736122531
0.905452263187
