0.0
0.0
0.0
0.0
0.0
0.0
0.0
0.0
0.0
0.0
0.0
0.0
0.0
0.0
0.0
0.337290066617
0.522559374537
0.503258334776
0.485460760746
0.468995593589
0.453716339187
0.439496986922
0.678407090938
0.816689088315
0.916118213778
0.991264260535
1.04939852542
1.0270582666
1.00566595773
0.985171746817
0.965527262266
0.946686086912
0.928604024022
0.911239222637
0.894552208601
0.8785058533
0.863065302313
0.848197879327
0.833872975928
0.820061934556
0.806737929571
0.793875849743
0.781452184322
0.76944491403
0.757833407768
0.746598325403
0.735721526785
0.725185986892
0.714975716949
0.705075691242
0.695471779335
0.686150683347
0.677099879977
0.668307566917
0.65976261336
0.707569653505
0.749913093305
0.787667201427
0.82149855703
0.812722139365
0.804144968682
0.795760545007
0.787562616257
0.779545170237
0.771702426416
0.764028827588
0.756519031529
0.749167902715
0.741970504164
0.839394120797
0.831363106472
0.82349776881
0.815793016355
0.808243956751
0.800845887916
0.855126885869
0.847511053485
0.840041701401
0.832714616623
0.894250289977
0.886613110591
