0.0
0.0
0.0
0.0
0.0
0.0
0.0
0.0
0.0
0.0
0.0
0.413816850304
0.619382194679
0.749595257259
0.721928094887
1.01409765557
1.15955475238
1.12211367711
1.08698770234
1.05401577307
1.28001997343
1.39769314426
1.4751648283
1.52836889921
1.56514071335
1.59013120119
1.6577427265
1.62808527889
1.59913898444
1.57095059445
1.54354557606
1.51693400292
1.49111485006
1.46607914658
1.44181230272
1.41829583405
1.39550864257
1.37342796922
1.35203010176
1.33129089923
1.31118617859
1.29169199714
1.27278485631
1.25444184571
1.23664074194
1.21936007321
1.25384425463
1.23733406214
1.2212698541
1.20563551003
1.19041544061
1.17559460286
1.22722123773
1.27068937315
1.25602996395
1.28518256898
1.31059217583
1.33279249994
1.35221254805
1.33892546276
1.32589131234
1.31310501629
1.30056139966
1.28825523256
1.27618126287
1.26433424344
1.28325704099
1.27184110566
1.26062793001
1.30428340488
1.29309923258
1.28210718306
1.27130324619
1.35739855716
1.34603236283
1.3818931049
1.37064685142
1.35958663936
1.34870851283
1.38004258085
1.36931054245
