0.0
0.0
0.918295834054
1.5
1.92192809489
1.91829583405
2.23592635063
2.25
2.19715972342
2.17095059445
2.16264411805
2.12581458369
2.19968779473
2.41379956461
2.60623892865
2.55503653258
2.72749722485
2.77440191929
2.75505761994
2.80370169606
2.76066682723
2.71368743879
2.69677880688
2.8342953161
2.83341119262
2.80962204665
2.9341001148
2.92267992444
2.90380739295
3.01785611351
2.99249489383
3.03710175271
3.01547129017
3.11821421292
3.09205533384
3.0634723925
3.15993190828
3.25234083129
3.22072914559
3.30887184845
3.27568086526
3.31239559626
3.34820157531
3.36598606827
3.4449285582
3.52113577745
3.55221429389
3.56691058993
3.53649976408
3.56721031134
3.57286835335
3.54344793455
3.54352020511
3.51469369116
3.58189669908
3.57752277341
3.64217772778
3.67055685161
3.69839558624
3.69001876604
3.66331602937
3.67891264423
3.6866021489
3.74511406563
3.8021724315
3.85783806179
3.84726508083
3.90126849794
3.95401408946
3.97697994059
3.98895693856
3.99407478832
3.99433338327
4.01660396266
4.01707873991
4.01397184471
4.03586925727
4.08308643907
4.12934238332
4.10721219627
4.10432646684
4.08237792266
4.09408566962
4.07218713769
4.06327012483
4.07539084234
4.06518358322
4.05375458165
4.06062453487
4.0813565213
4.12378703852
4.1204488995
4.10848995727
4.11137774656
4.09286806506
4.0884798741
4.07673244545
4.077478895
4.11775426641
4.12982098462
4.12422291317
4.11232634098
4.11104608494
4.14974926092
4.13329554916
4.12707420334
4.12428737729
4.10823637109
4.10426095626
4.11215280747
4.14925586935
4.14393781847
4.12839537539
4.13305505093
4.1331170487
4.13150331578
4.12847808867
4.12424735654
4.11897609432
4.13751427387
4.12332945225
4.12614944807
4.12142353482
4.11580928153
4.10941502142
4.10233222129
4.09463901352
4.08640280024
4.07768221767
4.06852864691
4.058987396
4.04909863855
4.03889816898
4.02841801748
4.01768695587
4.00673091782
3.99557335074
3.984235513
3.97273672648
3.96109459275
3.94932517915
3.9374431798
3.92546205572
3.91339415721
3.92683785504
3.92502228987
3.91309998284
3.90110966375
3.88906089047
3.87696248165
3.86482258169
3.8526487188
3.840447857
3.82822644283
3.81599044744
3.80374540455
3.81447058628
3.81505896092
3.83352419814
3.83252679043
3.82593933935
3.83422639662
3.86461144125
3.86298934127
3.85622778082
3.86259535878
3.89229281915
3.89013821998
3.89491603083
3.91228613896
3.92950271652
3.92264357186
3.95125919036
3.94413100542
3.94155388668
3.94500815303
3.93787388225
3.95035482025
3.97813201912
3.98048244233
3.97320373923
3.98954063601
3.9910430913
3.98368449026
3.99574718371
3.9882679027
3.97835027989
3.96840072175
3.95842355363
3.95121518244
3.9438859649
3.95344271241
3.96293935927
3.95555386014
3.94806461371
3.94047920143
3.93280471061
3.94051156494
3.94202267193
3.93436989599
3.92664024948
3.93293012478
3.93394361908
3.94952026102
3.96129705552
3.95361722001
3.94587116199
3.9380639045
3.94980383667
3.95486091676
3.96415189635
3.9647032611
3.97977044175
3.97205531486
3.96428724736
3.97347631246
3.98487056664
3.9888805632
3.99625801623
3.99638192684
3.98874640018
3.99611338139
3.98846217658
3.99171680903
3.9840711318
3.9901572903
3.98250698111
3.99362549923
4.00253382345
4.0051101473
4.01606823907
4.00847734138
4.01342838878
4.00584085529
4.00786566528
4.01663388157
4.00908482463
4.01059570971
4.01470210379
4.02187807571
4.01441556993
4.01548165048
4.02615722991
4.02949735182
4.02210946852
4.02277170923
4.02550616366
4.02578069021
4.01851110947
4.02072155793
4.01346968618
4.03491269806
4.04338229679
4.0360912037
4.0287785354
4.02144622351
4.01409610959
4.03516985629
4.02777236181
4.04098202533
4.0541117253
4.06428104618
4.07114395972
4.06376391242
4.05637093328
4.06646117314
4.05906701886
4.0793917288
4.07195944604
4.0921256543
4.08465755652
4.09731507511
4.08984030421
4.09967009784
4.09219999821
4.11196957342
4.11990007109
4.11241676427
4.10492965569
4.12444561673
4.11693131762
4.1292105874
4.14142115545
4.14789593569
4.14040417746
4.14986134375
4.15927018275
4.16465458465
4.1700190577
4.16259678248
4.17021664296
4.17473075363
4.17923091386
4.17187746974
4.1645235187
4.15716991202
4.17567971923
4.17948926606
4.1832895225
4.2015755793
4.1942375419
4.20577552544
4.20890550952
4.20160047325
4.19429746637
4.19695586363
4.20218500784
4.19493710512
4.18769217146
4.19216665014
4.19439980245
4.18721320094
4.19103006375
4.18387264927
4.18574546129
4.19306613431
4.18595787429
4.17885397064
4.18039887256
4.17333137769
4.17860679543
4.19597562336
4.1971602104
4.19013124999
4.18310762738
4.1941692856
4.18715266809
4.18014230221
4.18112075728
4.18723005397
4.18027376269
4.17332422113
4.16638185809
4.15944708599
4.15252030149
4.1456018861
4.13869220669
4.15556423627
4.14864682235
4.16541539724
4.15849097226
4.16930952583
4.18007729604
4.17316462993
4.18169507218
4.17479977673
4.16791466297
4.16104001908
4.16815049723
4.16129770659
4.15445580087
4.14762503657
4.14080566019
4.13399790862
4.14010691706
4.13332436287
4.12655373908
4.11979525633
4.11304911691
4.10990754128
4.10670758681
4.10345155042
4.09683306588
4.09022647685
4.0987397799
4.09215082783
4.08557404012
4.0917400198
4.08518727132
4.09055701011
4.09767386949
4.09115602642
4.08465047029
4.07815735415
4.08657994526
4.09192209748
4.08545981879
4.0915654462
4.10717304162
4.11180927375
4.10537110513
4.09894534413
4.09253212285
4.08613156802
4.07974380116
4.08506349897
4.09527527092
4.10544401285
4.0990809965
4.10371531373
4.11188224613
4.10555060337
4.11244266544
4.12055328552
4.12646817763
4.13328294497
4.13781412714
4.14458442635
4.13831751249
4.13206279472
4.12582037717
4.13095967055
4.13680319287
4.1419076033
4.14861296247
4.15308569737
4.14690909543
4.14074446622
4.13813703383
4.1354791074
4.13277246759
4.13856137624
4.14254168635
4.14651120562
4.1515504279
4.15657377982
4.16007250545
4.16356276757
4.15758585964
4.17186594497
4.17624856088
4.17931936426
4.17336852566
4.17725302753
4.17888755082
4.17297832171
4.17606066921
4.17017649595
4.17292988233
4.17728934675
4.18002904035
4.18245978161
4.18631261236
4.18050805323
4.17471361499
4.17816587417
4.17962520056
4.18306557435
4.1861318756
4.18829122988
4.19101897331
4.19292099325
4.19416803407
4.18850335597
4.19018839185
4.19126463903
4.18564301308
4.18870738733
4.18310790674
4.18075810949
4.17836432054
4.17592797447
4.1768917008
4.17965887025
4.19304606226
4.19454675276
4.20785664127
4.21162072533
4.21236999071
4.21477965074
4.21605536474
4.21733232995
4.2261415567
4.22852771302
4.2291160955
4.23019857254
4.23731493648
4.2383884849
4.23303424447
4.23395481711
4.23998810452
4.24235678762
4.24939615548
4.24408604798
4.2500729122
4.25098457326
4.24570248428
4.25090480383
4.24563663523
4.25082997831
4.24557569531
4.2496561966
4.25044187896
4.25500694188
4.25863482879
4.25342894062
4.25797807267
4.25862125125
4.26265924478
4.25749176963
4.26073817968
4.26125479449
4.2561197204
4.25652265961
4.2514101441
4.2517062144
4.24661632794
4.25172675105
4.2522950637
4.25248993545
4.25699551748
4.25743650512
4.25241139911
4.25251279484
4.25652701864
4.25652149528
4.25154168045
4.25514384894
4.25505284632
4.25010342076
4.25335006171
4.255501954
4.26366686833
4.27033683119
4.27015017917
4.26524362433
4.2603434549
4.2622749488
4.26266308949
4.26242413307
4.26563852851
4.26736877699
4.26765043769
4.26733311394
4.26252825535
4.25772942053
4.25736004813
4.25691185897
4.25849012279
4.25871212968
4.25397420117
4.24924213578
4.24451599735
4.24809091822
4.24761973951
4.24906180957
4.24437462948
4.24455662068
4.23988862824
4.24119696829
4.24069508231
4.25228699611
4.25170042652
4.25956279901
4.26070031745
4.25608051944
4.26756258892
4.26690451033
4.27331662443
4.27430465124
4.27439360529
4.26981186928
4.27368348624
4.26911321659
4.27684046934
4.27614267527
4.27929790873
4.28016909323
4.28363854525
4.28365915165
4.28908605675
4.29537051139
4.29461312702
4.2977284258
4.3024649846
4.30164727404
4.30446389448
4.30866560753
4.30420686332
4.30676400923
4.30670576915
4.31771031246
4.31684400886
4.31241681433
4.31549005975
4.32015366468
4.32543720974
4.32915559267
4.32901111023
4.33641171127
4.34102065263
4.35182015365
4.3474251129
4.35346787163
4.35712355839
4.35274004688
4.35604060322
4.36009666577
4.3673691561
4.36959436205
4.36935574848
4.37262104904
4.37530366157
4.38123902845
4.38842724499
4.38810378758
4.38377991574
4.37946043764
4.38239719366
4.37808847375
4.38523427547
4.39029203133
4.3938500924
4.3964926401
4.39220225311
4.39484667528
4.39724823242
4.40166031592
4.40484854658
4.40747046921
4.40893107613
4.41390633756
4.4096609514
4.41355967931
4.41642647506
4.4187924111
4.42194207724
4.4232433391
4.42757684614
4.43104195753
4.43317261473
4.43432591236
4.43816245244
4.44072466758
4.44382868748
4.43965889829
4.44198703199
4.43782773584
4.43975853038
4.44257071119
4.4435984513
4.44571226959
4.45566788458
4.45739812945
4.46017836268
4.46270086096
4.46358951339
4.45948452681
4.46621653491
4.46777417379
4.46635001833
4.46489294503
4.4634038306
4.46676932432
4.4690538131
4.46983989729
4.47533367482
4.48506530692
4.48807004777
4.48403210492
4.48542600196
4.48139894223
4.48345916864
4.48413569682
4.48661333445
4.48261026328
4.48533387185
4.48659730621
4.49126198714
4.49184112711
4.49513395476
4.49783460927
4.49895807113
4.50081277469
4.50488550709
4.50732717123
4.50780491301
4.50386927688
4.50920368926
4.51088007566
4.5130953387
4.51493265541
4.51532470293
4.51774747505
4.51384847679
4.5099525136
4.50605963064
4.50808752181
4.50977170417
4.51010438802
4.512319623
4.51453146798
4.52381821568
4.52481777927
4.52633076298
4.52657398035
4.52857315741
4.53076046963
4.53996111881
4.54623958336
4.54803666962
4.55320047914
4.54937247918
4.54554733418
4.54734706388
4.54750982149
4.54914814583
4.55049908439
4.55562844725
4.55183388525
4.55193030641
4.55356536529
4.55640600316
4.55898465446
4.55521593403
4.55670260717
4.56568498067
4.56192064292
4.56426118225
4.56293854239
4.5615874946
4.56020874678
4.56025638124
4.56916563637
4.57129130439
4.57563362153
4.57560365841
4.5794257835
4.57572032163
4.57563408705
4.58445505162
4.58075588469
4.58415651856
4.58046312016
4.58192889073
4.58178921015
4.57811223837
4.57443787893
4.57076616967
4.56709714767
4.56343084931
4.57216579211
4.56849802318
4.57448283253
4.57942697304
4.58538600767
4.58964209741
4.59097395515
4.5947229871
4.59807196514
4.59442019783
4.59077117579
4.58946112076
4.58812540718
4.58676464694
4.5886844762
4.58507092776
4.58146007496
4.58009522655
4.57649630096
4.57773603277
4.57414552421
4.57527741724
4.57862588766
4.58713376333
4.58814550459
4.58456830182
4.58548557038
4.58849282372
4.59058314137
4.59249787728
4.59441007555
4.59085855103
4.59261529763
4.59422470908
4.59613453492
4.59884664293
4.59531566645
4.59779155164
4.60005483081
4.602127236
4.60540697113
4.60189349359
4.59838258768
4.59487428274
4.59136860759
4.58786559048
4.58962826643
4.59154330841
4.59330150138
4.60156993705
4.59807945251
4.59459162985
4.59110649589
4.58762407692
4.58414439877
4.58641618729
4.58294313097
4.57947284939
4.57600536698
4.57254070773
4.56907889513
4.56561995228
4.5621639018
4.56396046548
4.56561523939
4.56217098942
4.56446410813
4.56102645897
4.5575917166
4.55912663644
4.55569943292
4.55227516001
4.54885383806
4.54772574101
4.54431525427
4.54628317027
4.54809946222
4.54977615799
4.54638112741
4.54298903064
4.5446724058
4.54128754539
4.5469010662
4.54351859696
4.54013909583
4.53676258084
4.53927074988
4.53590044874
4.53481421778
4.53145449113
4.52809776381
4.52474405259
4.52139337393
4.51804574396
4.5260527338
4.52270464255
4.52163536952
4.52054480261
4.5194333978
4.51611068379
4.51843784819
4.52058802432
4.522061051
4.51875238544
4.52074357729
4.52210953285
4.52337295657
4.52007976253
4.5167895311
4.51838360887
4.51997593759
4.51669677011
4.51817734047
4.52032172434
4.52169189677
4.51842744393
4.52041510297
4.52058273552
4.51951327516
4.51842410337
4.51731562797
4.51916178158
4.51593423104
4.5160681824
4.51778547008
4.5145700503
4.52234641133
4.51913044722
4.5207240848
4.52256477694
4.52469513693
4.53010693354
4.53157684017
4.53354335817
4.53806027977
4.54200327645
4.54208278932
4.53889381148
4.53570756983
4.53252407814
4.52934334991
4.5294004959
4.52622800591
4.52805956614
4.5248932578
4.52626902027
4.52754681017
4.52924964755
4.52609754682
4.5229481885
4.52414046832
4.52417731541
4.52576692395
4.52473082641
4.5236766011
4.52260460838
4.52260939739
4.51950078743
4.52098775812
4.52247321035
4.51937451015
4.52076102808
4.52828368787
4.52998435421
4.53126502219
4.53245523065
4.53355998424
4.53047955218
4.53150743097
4.53245853005
4.53140013857
4.53250881942
4.52944942196
4.52838218398
4.52996771774
4.53144539072
4.53036410655
4.52926660108
4.53064626031
4.52761868402
4.5294399656
4.53047702121
4.52745884789
4.52915810789
4.52614553197
4.52313539547
4.5241073935
4.52412402704
4.53147541477
4.52847358465
4.53005891189
4.53134846708
4.53224444681
4.53739361442
4.53858952997
4.53941215951
4.53643046088
4.53719226699
4.53830826121
4.53533666335
4.53637815079
4.53734540374
4.54459578466
4.54969327133
4.5539750107
4.55772607009
4.56108215037
4.56412335509
4.56690272904
4.57115160139
4.57216036643
4.57470794636
4.57557175606
4.5763689573
4.57871772543
4.5808935227
4.58291389899
4.59002589587
4.59370861247
4.60079749699
4.6017083453
4.60166013283
4.60351791246
4.60679344961
4.60386240602
4.60559102399
4.60266500734
4.60350988243
4.60482077388
4.60190393022
4.59898927759
4.59984069924
4.60348165633
4.60426473998
4.601360521
4.60208508734
4.60906724409
4.61397254437
4.61809103099
4.62102311525
4.6217313841
4.62495530759
4.62854839213
4.63176175058
4.62886902876
4.63153391385
4.6321771511
4.63462498596
4.63752686059
4.63464525325
4.63528870157
4.63241298299
4.63506578156
4.63219389445
4.62932412954
4.62645649719
4.63330252495
4.64013618482
4.64072465432
4.63971397319
4.64214132644
4.64371053527
4.64085377618
4.64232038798
4.64709915515
4.64786058623
4.64501185496
4.6472460659
4.64778260231
4.64914601566
4.65050814601
4.65121030815
4.6552017644
4.65568359925
4.65774200164
4.65900636722
4.66249360952
4.66375359806
4.66540924188
4.66604535604
4.66323294951
4.6604225406
4.66389619969
4.66579854951
4.66697284994
4.66755749767
4.66475870469
4.66786030044
4.66962763234
4.67243663654
4.66964467761
4.66685469398
4.6672940169
4.6663208487
4.66797028299
4.66940928259
4.66663512108
4.66817558111
4.6707392103
4.67113466793
4.67267036158
4.67401141639
4.67125224723
4.67360745991
4.67504067356
4.67539288603
4.6768243
4.67407766395
4.67533095536
4.67650160238
4.6786717708
4.68009982915
4.6814342822
4.68174514491
4.68375372164
4.68491753839
4.68219396377
4.68246649142
4.68433434675
4.68338649417
4.68463238136
4.68192388986
4.68355157427
4.68378884233
4.68552825029
4.68704669042
4.68820955291
4.68983006723
4.69037540452
4.69170076496
4.6890155486
4.69052982329
4.69073130357
4.69181670375
4.69323115322
4.69339578078
4.69072712848
4.68806020385
4.6893879744
4.68952420699
4.69076648182
4.68984353868
4.68890738153
4.68795823857
4.68912343079
4.68648331714
4.68384488326
4.68120813812
4.67857309058
4.67967358321
4.68092586699
4.67829767986
4.67932899131
4.68075368284
4.68171683324
4.68288948171
4.68422216933
4.68524940475
4.68657991392
4.68397120294
4.6851424836
4.68604105665
4.68713741744
4.68838376037
4.6857870104
4.68688420762
4.68805363775
4.68908004482
4.69017483946
4.6875899402
4.68772688921
4.68882349693
4.6899193028
4.69116372369
4.68859128027
4.6886991883
4.68972729989
4.68980381238
4.68724233855
4.68820754318
4.68911037587
4.68655573456
4.68400266565
4.68312404134
4.68223311886
4.68133010284
4.68218251306
4.67964639085
4.67711181997
4.67791318935
4.68405935308
4.68480185588
4.68389561445
4.68458791614
4.68367135673
4.68115284668
4.6817999424
4.67928574853
4.67988831715
4.67737846863
4.6779383859
4.68403728435
4.68836288081
4.68585487806
4.68950898422
4.69272662317
4.69323308204
4.69612398635
4.70217728128
4.70822107483
4.7108402119
4.70833498531
4.71120557988
4.71028807558
4.70935943768
4.70841984458
4.70905401157
4.71007336491
4.70758777218
4.70510365917
4.70262103333
4.70168525048
4.70299909014
4.70052409358
4.69958252067
4.69863052823
4.69616508016
4.69370110766
4.69274691401
4.69028843835
4.68783144333
4.69044343303
4.68798885691
4.69394611105
4.6981789431
4.6957234513
4.69326945672
4.69920604146
4.7027789283
4.70592812795
4.70347427041
4.70630884199
4.71051070594
4.71308932787
4.7154591876
4.71765035656
4.71520159173
4.71723798226
4.71913583038
4.71669144591
4.71764940148
4.71942303057
4.72064367893
4.71820672431
4.71577125278
4.71929655407
4.72095590427
4.72151196335
4.72386121809
4.72500681335
4.73082581622
4.72839755623
4.72908453476
4.73063234671
4.72820976945
4.73037399198
4.73144757981
4.73556623003
4.7413456852
4.74545123808
4.74892293291
4.75198235166
4.75473492026
4.75231585101
4.75482469061
4.75787305019
4.76017513626
4.76230334641
4.76503966561
4.76410574626
4.76659834809
4.76418979696
4.76505852337
4.766105281
4.76702947501
4.76931581575
4.76691629087
4.7725985462
4.77470809944
4.77666708263
4.7806936506
4.7825151258
4.78011889702
4.78182182462
4.77942853133
4.77703665007
4.77464618668
4.77225714692
4.77385754665
4.77147152853
4.76908694083
4.76670378909
4.7643220788
4.76194181536
4.76421521587
4.76572237835
4.76782388876
4.76544891384
4.76740331999
4.76503106577
4.76685520148
4.76826921384
4.76997351426
4.77157051811
4.77289735902
4.77847351364
4.77610890639
4.77661114593
4.77425038197
4.77821259936
4.78376685254
4.78140552937
4.78264667346
4.78599173927
4.78993341887
4.79326919376
4.79621089169
4.79885928973
4.80179370134
4.80275543215
4.80365936249
4.80130684225
4.80371543685
4.80136518434
4.8040011884
4.80165302134
4.79930626899
4.80016006474
4.79781680154
4.79547495758
4.79633243089
4.79854618035
4.80094696335
4.79861042505
4.80065777319
4.79832376272
4.80022842141
4.80243404579
4.80010365018
4.80554087336
4.80941043022
4.8126864553
4.81358658937
4.81561583766
4.81328822251
4.81096201655
4.81384786842
4.81644731255
4.81881840497
4.82069932365
4.82224036498
4.81992016469
4.82167432484
4.81935682365
4.82111043132
4.82255671099
4.82419553246
4.82334594748
4.82498334988
4.82582403597
4.82799079566
4.82999636459
4.83186104902
4.8333892582
4.83417429887
4.83331790907
4.83245264267
4.83157862849
4.83270767309
4.83042055939
4.8318558568
4.83469197894
4.83240810383
4.83012556403
4.83119105283
4.83254013649
4.83427290294
4.83199623852
4.82972090624
4.82744691038
4.82517425513
4.82612560329
4.82702183282
4.82475420171
4.82602861479
4.8268735625
4.82461072657
4.82234922628
4.82008906567
4.81783024871
4.81890526354
4.81991931968
4.82072093018
4.81846880057
4.81621800955
4.81702301459
4.81798195034
4.81918768104
4.81694346636
4.81795937562
4.81571821049
4.81685805775
4.8178176399
4.8169964964
4.81807216019
4.82179867939
4.82496045861
4.82586095555
4.82503048661
4.82419176994
4.82334492097
4.82112391992
4.81890421226
4.82121210964
4.82222547215
4.82000945239
4.82213589759
4.82375023983
4.8247060237
4.82622116553
4.82702368075
4.82750375711
4.82892760162
4.83089053828
4.8322300445
4.83312736032
4.83438942373
4.8353381061
4.83652799616
4.83765110727
4.83871145791
4.83651885394
4.83752165206
4.8384685069
4.83941474802
4.84041554427
4.84125827746
4.8390752268
4.84088988224
4.84178247914
4.84262481101
4.84341924672
4.8412436089
4.84213638635
4.84302862707
4.84392033168
4.84486349277
4.84269572374
4.84052915973
4.83836380439
4.84005690818
4.84080990508
4.83999855862
4.83917945179
4.83835269019
4.83751837744
4.8366766153
4.83582750366
4.83497114066
4.83410762266
4.83323704432
4.83235949867
4.83147507709
4.83058386941
4.83143746055
4.83054031583
4.83144299333
4.83053996865
4.82963042437
4.82871444426
4.8277921107
4.8286485214
4.83023595832
4.83095767619
4.82885286677
4.82792901265
4.82699897451
4.82606283053
4.82512065761
4.82417253143
4.82597449757
4.82678722003
4.82583414322
4.82487526675
4.82279403084
4.82348298465
4.82434408922
4.82602965976
4.82679943964
4.82472510226
4.82537506873
4.82330347823
4.82123293849
4.81916345321
4.81821656718
4.81726403424
4.81630592371
4.81424588758
4.81218689789
4.81296808251
4.81359159623
4.81153692258
4.81219896108
4.81014698855
4.80809606274
4.80604618715
4.80667603604
4.80462888102
4.80576856202
4.80726646611
4.80805267986
4.80601049955
4.80660643409
4.80456697701
4.80531431384
4.80639453962
4.80780703229
4.80863686661
4.80660396642
4.8073112284
4.80833492551
4.80630600825
4.8042781269
4.80225128476
4.80022548509
4.80120209841
4.79917872832
4.80051732005
4.80144465567
4.80232467722
4.80030633751
4.79828903786
4.79627278139
4.79754196262
4.79842496501
4.79641235046
4.7972518604
4.79804847071
4.79925042981
4.79949189759
4.80028735711
4.80104185429
4.80126044571
4.80209732556
4.80009800085
4.80093584307
4.80144694438
4.8016452552
4.80244021301
4.8004482995
4.80124429142
4.79925483679
4.80039342675
4.80097033629
4.80172624013
4.79974206421
4.80049906588
4.79851735527
4.79959912977
4.79761966358
4.79564120236
4.79366374902
4.79438722807
4.79457658227
4.79936021137
4.79738583162
4.79541245949
4.79886254666
4.7968898395
4.79757553491
4.80051997753
4.80068814264
4.80330410521
4.80402290973
4.80639402435
4.80442763323
4.80507438746
4.803110492
4.80785323244
4.81002616956
4.81017211004
4.80821031442
4.808890845
4.80964534984
4.80768742367
4.80969744987
4.81157011917
4.81218065854
4.81022648057
4.80827329504
4.80840555833
4.80905264611
4.80963347128
4.81138414845
4.81302858057
4.81108270639
4.81119675105
4.81174609428
4.8098045173
4.80786392086
4.80941416951
4.81087789823
4.80894005688
4.80904015525
4.81005926267
4.80812539008
4.80619249553
4.8075785458
4.80889173995
4.80986168318
4.80793293857
4.80855085782
4.80907565596
4.80715082631
4.80839653122
4.80957941323
4.80765765692
4.80858188772
4.80916888256
4.80725077478
4.80533363441
4.80341746391
4.80397786883
4.80206412569
4.80015135434
4.80065605554
4.80400828047
4.8045694588
4.80510086039
4.80557563551
4.80366939316
4.80653206476
4.80791056418
4.80921736413
4.8073139375
4.80781671784
4.8079164768
4.80915696259
4.8072586792
4.80843828741
4.80888719107
4.80699238417
4.80811469193
4.80918258501
4.81006241154
4.80817192362
4.80879632723
4.80690815516
4.80787809542
4.80847194367
4.80931111775
4.80742764652
4.80835182889
4.80888682399
4.80700687355
4.80757231953
4.80569469569
4.80649665211
4.80462120271
4.80274669184
4.80526856694
4.80569972142
4.80658199961
4.80471122408
4.80700085688
4.80751136931
4.81204233117
4.81017309612
4.81057834103
4.80871150554
4.81081326575
4.81129574221
4.81581084577
4.81908252125
4.82188356706
4.82437853103
4.82447043065
4.82484547404
4.82711062332
4.82524868833
4.82751189373
4.82565118246
4.82758481919
4.82833779488
4.82647973554
4.82655770213
4.828361181
4.82881083898
4.82916338916
4.82988049672
4.83156889916
4.83228473839
4.83043579647
4.83086056615
4.83154321933
4.83313002065
4.83128534186
4.83278326912
4.83094024145
4.82909811753
4.82725689939
4.82754869258
4.82896712315
4.82712907787
4.82529193785
4.8259468344
4.82411184996
4.8243868461
4.82255424359
4.82072254713
4.8213496795
4.8195201475
4.82086737596
4.81903956933
4.81721267021
4.81538668043
4.8159879063
4.81416408992
4.81234118416
4.81288774735
4.81106704403
4.8092472525
4.80951639141
4.81003834087
4.81146006603
4.80964469332
4.80989536673
4.8105943516
4.81109050152
4.81243789976
4.81266919409
4.81086092672
4.80905355793
4.80724708948
4.80772122725
4.80900265718
4.80831278937
4.80761784296
4.80691787418
4.80512043145
4.80557269851
4.8063428758
4.8067710977
4.80754066678
4.80776147889
4.80834321119
4.80655417923
4.80728990414
4.80749420104
4.80804921034
4.8088539138
4.80707064232
4.80784048407
4.80605918279
4.80676295698
4.80729287556
4.80551481644
4.80592432481
4.80414843695
4.80237341567
4.80059926263
4.80133943111
4.7995672514
4.80041407326
4.80080611251
4.8016154497
4.80198565589
4.80269290809
4.80339982677
4.80374873921
4.80805948212
4.80856607473
4.8092387026
4.81000822084
4.81033421189
4.81084025981
4.80908217159
4.80956464861
4.80987212017
4.81035455252
4.81099699149
4.81412060512
4.81680321098
4.81919900328
4.81939234769
4.81984662843
4.8204554533
4.82090955972
4.82119413659
4.82177478729
4.82195186568
4.82253237061
4.8229632589
4.82410642595
4.8234406859
4.82277012825
4.82209480494
4.82264932661
4.82308152672
4.82524996964
4.82565874623
4.82618598276
4.82673894452
4.82726590614
4.82767448734
4.82594811295
4.8263362037
4.82650051356
4.82700347973
4.82750634222
4.82789454024
4.83211017013
4.83038979503
4.83163873913
4.83178654645
4.83226362519
4.83274062825
4.83580491706
4.83513504583
4.83658584801
4.83777103978
4.83605878559
4.83651143164
4.83913825306
4.84051062886
4.83880091826
4.83992916913
4.84035800004
4.84270057098
4.84099370192
4.84135827292
4.84243330865
4.84283983309
4.84329090779
4.84371936459
4.84406336529
4.84446988639
4.842771739
4.84107434391
4.84210068061
4.8404048702
4.84079328046
4.84173187805
4.84205936699
4.84288149392
4.84386121468
4.84399859868
4.84489470088
4.84568015681
4.8486969975
4.84955197553
4.85048502701
4.85084976211
4.8501946608
4.84953503943
4.84887094539
4.84719204552
4.84551387329
4.84586279171
4.84652189157
4.84585793875
4.84618790051
4.84651794002
4.8484644364
4.84877471359
4.84908508943
4.84741663315
4.84807549496
4.84988449246
4.85017680401
4.85046923257
4.84880524597
4.85049760279
4.85208891339
4.85359045601
4.85421816056
4.85496563679
4.85330572994
4.85358062968
4.85418137894
4.85560012651
4.8569457084
4.85822425965
4.85893808336
4.86015417335
4.86131291274
4.86241816259
4.86347330391
4.86372794586
4.86440869914
4.86541596692
4.86637881679
4.86661593495
4.86726622107
4.86562075497
4.86633103778
4.866953661
4.86531079508
4.86553359844
4.86574025848
4.86593113433
4.86429256124
4.86446921591
4.86283253548
4.86343079631
4.8639531763
4.86463476213
4.86590249239
4.86606494602
4.86443372366
4.86500573899
4.8633761781
4.8635263596
4.86753497589
4.8683776066
4.87130312465
4.87381962136
4.87219158426
4.87056421469
4.8706982633
4.87150375056
4.87375232999
4.87212778428
4.87417899064
4.87474731589
4.87539546385
4.87593843907
4.87655850884
4.87844858303
4.88020793377
4.88185534343
4.88340487075
4.88486743984
4.88498437774
4.88636833475
4.88688253258
4.88819489013
4.88658030299
4.88782821873
4.88793171475
4.88842252252
4.88681140063
4.89075783584
4.89106544888
4.89293831551
4.8930275566
4.89141882256
4.88981073321
4.88988930791
4.89035794295
4.88875271652
4.88881979401
4.88926769289
4.88766533668
4.88606362289
4.88612069154
4.88706615296
4.88546704217
4.88386857368
4.88227074899
4.88317790323
4.88360918194
4.88752384827
4.88839012846
4.8884366746
4.88926632296
4.89079754468
4.89159151617
4.89235220082
4.89311248462
4.89455605998
4.8929659927
4.89137655876
4.89178522687
4.89567584019
4.89408724173
4.89545280575
4.89829439265
4.89670667543
4.90058655809
4.89899867382
4.89948943491
4.90193113772
4.90476284257
4.90561894102
4.90780043041
4.9062146777
4.90462955908
4.90304507597
4.90146122978
4.90218557504
4.90287969517
4.90129816312
4.90328756953
4.90571681051
4.9063805607
4.90691532885
4.90773414009
4.90956728205
4.910149493
4.91078364659
4.91206507122
4.91328364376
4.91498692677
4.91658256799
4.91704564457
4.91718369178
4.91888299917
4.92038216607
4.92197285064
4.923387366
4.92488305954
4.92565850893
4.927070102
4.92748752136
4.92760934445
4.92894510309
4.92957057939
4.92800487547
4.9292725419
4.93001361686
4.93041080859
4.93051997596
4.93166749195
4.93010638439
4.93081644966
4.92925675156
4.92963607012
4.93031710805
4.93067747675
4.93200741016
4.93326979992
4.93361096387
4.93370893882
4.93215570707
4.93060307202
4.92905103504
4.92970454967
4.93003091899
4.9301198368
4.92953827
4.92895263932
4.92836298507
4.9289901471
4.92906867144
4.92752640128
4.92783819961
4.92893017128
4.92922481865
4.92950306438
4.93325448593
4.93599899398
4.93625843394
4.93862102066
4.9413598025
4.94255080213
4.94368537242
4.94476757426
4.94580092924
4.9467885208
4.94773307159
4.94863700357
4.95074142089
4.95160578057
4.95007241216
4.95199241594
4.95045978491
4.95128807461
4.95208170549
4.95232144985
4.95409296827
4.95463445231
4.95628382713
4.95650719848
4.95497995009
4.9557389602
4.95646647952
4.95673735536
4.95521313238
4.95462961685
4.95506328719
4.95547706932
4.95576572956
4.95616020277
4.95675007747
4.95829038525
4.95770502006
4.95711581039
4.95652279353
4.95722022672
4.95788891596
4.95637713639
4.95782587885
4.95839101826
4.95975914968
4.9602998685
4.96396767002
4.96460596806
4.96521778845
4.9637098376
4.96311656269
4.96161052908
4.96010503821
4.95860009144
4.96127962846
4.96225348779
4.96074946012
4.96168187399
4.96194119535
4.96283370687
4.96368867062
4.96218805695
4.96300805317
4.9615086545
4.96000979833
4.95851148594
4.9592996446
4.9600555182
4.95855913592
4.95928487081
4.95956347934
4.96025955555
4.96092732942
4.96455606763
4.96519492746
4.96580765049
4.96431573653
4.96373448502
4.96314957669
4.96256104621
4.96107368615
4.96159412192
4.96010809809
4.95862260905
4.95713765605
4.96075127932
4.96339929496
4.96191396344
4.96042917046
4.96101997747
4.96212844544
4.96064546703
4.96328790606
4.96385367286
4.96491054195
4.96545260517
4.96397202855
4.96498224079
4.96725581367
4.97084503966
4.97156444561
4.97222718548
4.97286311631
4.97355281433
4.97416266441
4.9726860414
4.97471623758
4.97324020946
4.97382581606
4.97448757634
4.97512262929
4.97454345628
4.9749223948
4.97345123456
4.97287026567
4.97323287588
4.97384331412
4.97418866482
4.97360539045
4.97393450423
4.97334822647
4.97366153917
4.97374524592
4.97433131664
4.97374296191
4.97404093549
4.97588567576
4.97529413001
4.97557644654
4.97728185569
4.978872135
4.97943271094
4.97992728946
4.98046484598
4.98073077076
4.98168486624
4.98023261485
4.98079288483
4.98188253205
4.9804320069
4.98147306052
4.98238622052
4.98292321557
4.9864452082
4.98695864155
4.98733642768
4.98588914065
4.98615502598
4.9847091037
4.98507121523
4.98532341118
4.98556136129
4.98607580718
4.98463369661
4.98537495017
4.98572081982
4.98640429836
4.98689773663
4.98755380861
4.98818377967
4.98889403216
4.98949859475
4.98997070867
4.99055091779
4.99110782036
4.99178874687
4.99211699134
4.99068462608
4.98925274288
4.98956673599
4.99008062638
4.98865078436
4.98722142456
4.98752150998
4.98801580916
4.98830073377
4.99177684566
4.99432797517
4.9965291855
4.99679612097
4.99876907799
4.99734259723
4.9959165959
4.99638763763
4.99496286034
4.99353856371
4.99379374618
4.99559658244
4.99726481427
4.99882105638
5.00028139698
5.00165787639
5.00023607319
5.0015384029
5.00096970262
5.00120912144
4.99979020613
5.00026069531
5.00181188738
5.00203796922
5.00062134812
5.00185525963
5.00302848505
5.00324138526
5.002673443
5.00210228813
5.000690185
5.0008918338
4.99948104969
4.99807073638
4.99826134606
4.99685235549
4.99797089339
4.99903833435
4.99926859927
4.99786178974
4.99804118839
4.99825915029
4.99685449518
4.99702267995
4.99645841471
4.9958910031
4.99532047304
4.99552781249
4.9941288645
4.99436343892
4.9929657729
4.9915685707
4.99179159698
4.99198898526
4.99059390073
4.9908049605
4.99099092633
4.9914879886
4.99166183397
4.99192666066
4.99053602658
4.98914585204
4.98775613807
4.98833999253
4.98859341059
4.9880326564
4.98859419799
4.9890544522
4.98921955206
4.98946001705
4.99032191797
4.98893879042
4.98947867856
4.98963295342
4.99046050548
4.99104348174
4.99131146791
4.99275246853
4.99137350982
4.99216776032
4.99293101786
4.99428948214
4.99373148058
4.99317046725
4.99260646832
4.99334014368
4.99196703508
4.99325278401
4.99188044172
4.99258647212
4.99121515242
4.99457621001
4.99704962003
4.99918725122
5.00110655253
5.00286335769
5.00302824821
5.00165747917
5.00328436213
5.00480352916
5.00623045279
5.00719446622
5.00582523758
5.00597872623
5.00690270405
5.0074156572
5.00685330931
5.00773919666
5.00874382481
5.00970557795
5.0083412441
5.00968345447
5.01095431295
5.00959102176
5.01079803495
5.01171850268
5.01260126357
5.01344843371
5.01426190771
5.01290137197
5.0115412709
5.01018160551
5.00882237678
5.00826461769
5.0077039816
5.00714049306
5.00578503525
5.00622445993
5.00953502756
5.01002844294
5.0086741626
5.00914905044
5.00937888667
5.00802645628
5.00944023202
5.00808848021
5.00854553292
5.01184461645
5.01427380742
5.01478529265
5.01500155856
5.01633161853
5.0168228403
5.01547373005
5.01591033926
5.01611477049
5.01658742001
5.01772642227
5.01638017632
5.01746687442
5.0185049802
5.0194979841
5.02044891259
5.02136041531
5.02223483152
5.02307424192
5.02388050938
5.02253823573
5.02331354873
5.02275716998
5.02141691156
5.02085883762
5.01952008233
5.01818174946
5.01684383996
5.01550635473
5.01494984234
5.01361385798
5.01227829851
5.01253847226
5.01299601641
5.01341867235
5.01366597088
5.01390074361
5.01256908441
5.01300935962
5.01341578615
5.01383875814
5.01406196918
5.01426137654
5.01750896729
5.0199026284
5.02064820318
5.02136550195
5.02205577411
5.02272016575
5.02335973205
5.02542582666
5.0258119242
5.02642659674
5.02701834196
5.0275879984
5.02813634733
5.02866411848
5.02917199501
5.02966061782
5.03013058944
5.02881001287
5.02926252575
5.03111164244
5.02979213158
5.03050476623
5.03219798004
5.03087948834
5.02956140402
5.02824372798
5.02893036513
5.02956705767
5.03113566412
5.03166272104
5.03217001606
5.03085514348
5.02954067752
5.02822661908
5.02859844359
5.02805706032
5.02871821768
5.02920813045
5.02789728601
5.02658684735
5.0270594866
5.02575005799
5.02610860595
5.02656386071
5.02700175234
5.02763901459
5.02798248265
5.02944323915
5.03005627463
5.0314291726
5.03201908323
5.03331515145
5.03388281268
5.03257916049
5.03127590837
5.03362369857
5.0341705885
5.03620183929
5.0393766582
5.04120089026
5.04172474677
5.04354698712
5.0452167073
5.04561534855
5.04795066977
5.04916952665
5.05071480506
5.05215902019
5.05351668848
5.05372302225
5.05538498739
5.05588407482
5.0571642315
5.05837722788
5.06038842342
5.05908924732
5.06024106881
5.06071979853
5.05942190498
5.0612277648
5.06276260348
5.06146528525
5.06192575554
5.06357864168
5.06228240229
5.06272525791
5.06585951709
5.06650384587
5.0680334267
5.06673831995
5.06816794823
5.07047475649
5.07109342949
5.06979924882
5.07122625062
5.0732199977
5.07381479252
5.07515454237
5.07624107223
5.07727776663
5.07826847653
5.07921650389
5.08012471166
5.08191023522
5.08317080163
5.08404022411
5.08487457563
5.08567582255
5.08644572531
5.08807738886
5.08678841926
5.08797976262
5.08669145549
5.08743125045
5.08814276795
5.08965325343
5.09078355728
5.09025149137
5.08971684411
5.08917963649
5.09058994456
5.09166557105
5.0903824603
5.0917075855
5.09273347235
5.09145129984
5.09016950663
5.09034781201
5.0915984285
5.09031794373
5.09144489272
5.09262946139
5.09381330943
5.09253404708
5.09360630957
5.09232774357
5.09300974717
5.09337955968
5.09210244539
5.0932267021
5.09195026103
5.0921410552
5.09321189539
5.09386806874
5.09488952118
5.0955208403
5.09654127509
5.09751660019
5.10057360805
5.10252511991
5.10297256115
5.10602440948
5.1054922689
5.10495763241
5.10442052004
5.104850508
5.10358040078
5.10582767484
5.1045577788
5.10497150091
5.10370254766
5.10316593269
5.10189829993
5.10209956749
5.10156183019
5.10029616903
5.09903087888
5.09776596048
5.0965014146
5.09690305228
5.09563944986
5.09437622077
5.0938420146
5.09330541531
5.09276644176
5.09222511262
5.09258376675
5.0913252551
5.09006711364
5.08880934312
5.08755194426
5.0884846525
5.08722797971
5.08812250075
5.08686656859
5.08561100923
5.0843558234
5.08488464219
5.08507459642
5.08382093928
5.08421360879
5.08367967732
5.08386018322
5.08426839145
5.08728565784
5.08745488711
5.08789382993
5.08827046123
5.08702115172
5.08577221149
5.08688576031
5.08724857108
5.08600084513
5.08475348872
5.08581511461
5.08616453364
5.0849184141
5.08531181169
5.08632535112
5.08729487455
5.08605031874
5.08640015025
5.08732888117
5.0860856068
5.08697660662
5.08573405763
5.08449187719
5.08622191715
5.08707718961
5.08764486749
5.08780777386
5.08796091933
5.08850819365
5.08726902964
5.08603023208
5.08617503502
5.08670369355
5.0871284211
5.08753747737
5.08630125415
5.08715512622
5.08729097749
5.08780063331
5.08819461174
5.08860360471
5.08737033004
5.08613741809
5.08653229473
5.08702435813
5.08740434078
5.08778424527
5.08860349195
5.08942232117
5.08978737339
5.08991504989
5.0886865667
5.08903821848
5.08964703147
5.08976631156
5.09010423288
5.09069121092
5.09111563289
5.08989069091
5.08866610493
5.08923304638
5.08964283123
5.09042905095
5.09054060288
5.09064349396
5.08942191669
5.0882006936
5.08859625822
5.08935323803
5.08944881229
5.08953602714
5.0896150208
5.09034369084
5.08912607186
5.08946580445
5.08953731928
5.08832124606
5.08838546308
5.08859632818
5.08738184895
5.08687844771
5.08693598487
5.08643070779
5.08521895733
5.08526984014
5.08476357111
5.0842550811
5.08374438691
5.08378886174
5.08258134874
5.08278562015
5.08571844477
5.0857553277
5.08594864612
5.08645973854
5.08737754421
5.08796501311
5.08814809038
5.08851708986
5.0890096529
5.08988935994
5.08868672812
5.08748443628
5.08628248507
5.08674242709
5.08730980423
5.08766603225
5.08814205447
5.08694237907
5.08778769524
5.08823125911
5.08877859789
5.08912143802
5.08792390783
5.0883835495
5.08718683938
5.08751765559
5.08794607968
5.08838988392
5.08920161076
5.08800709472
5.08842045532
5.08879093013
5.08921913229
5.08960331284
5.09038390924
5.09041810242
5.0907881485
5.09118619709
5.09154257845
5.09207001772
5.09301926825
5.09376954895
5.09258099762
5.09293720033
5.0933206328
5.09382947429
5.09417227966
5.09298604275
5.09389525774
5.09461767397
5.09412160147
5.09362338421
5.09312303817
5.09361471078
5.09394539174
5.09431531786
5.09313404252
5.09346513195
5.09416154918
5.09503305257
5.0953512055
5.09570759072
5.09611958138
5.09494134382
5.09561253278
5.09511376991
5.09595061871
5.09544983772
5.09584775888
5.09534513881
5.09484045891
5.09433373427
5.09382497984
5.09413250071
5.09362200333
5.0939669513
5.09345471257
5.09294048896
5.09242429484
5.09190614443
5.09138605182
5.09086403098
5.09034009572
5.08981425976
5.08928653664
5.08875693982
5.08822548261
5.0876921782
5.08715703967
5.08662007996
5.0860813119
5.08554074821
5.0849984015
5.08445428424
5.08329902595
5.08275396804
5.08220716418
5.08165862654
5.08110836715
5.08055639794
5.08000273075
5.08048342571
5.07933380518
5.0797254386
5.07917137336
5.07997867255
5.07883094843
5.07827612366
5.07862889373
5.07748275882
5.07826092705
5.07872649021
5.07758141415
5.07823355974
5.07868374942
5.07931352028
5.07816993025
5.07702663311
5.07588362949
5.07871532063
5.07757218807
5.0804015903
5.07925833058
5.07986664234
5.07872406205
5.07947285719
5.0783309049
5.08043038146
5.07928856755
5.07814705016
5.07886952672
5.07930502309
5.0798929663
5.08171554012
5.08057543435
5.07943562478
5.08013238119
5.08055313859
5.08112119968
5.08276366455
5.08162534649
5.08048732425
5.07994326916
5.07939757236
5.078850245
5.07771489835
5.07838803303
5.07893817894
5.07926873583
5.07991859157
5.078785125
5.07765195193
5.07784778335
5.07671542665
5.07558336407
5.07578028393
5.07640949999
5.07659728116
5.07546692252
5.07565527712
5.07626371012
5.07644311142
5.07531446463
5.07418611061
5.07505177899
5.07392399644
5.07410483491
5.0746937684
5.07356717758
5.07378496934
5.07265917944
5.07153368267
5.07188043366
5.07075569129
5.0711536445
5.07136358763
5.07024008908
5.0691168838
5.06799397233
5.06837995673
5.06858226646
5.06877561974
5.06765446792
5.06653360946
5.06541304488
5.06578741446
5.06466759051
5.06354806102
5.06242882652
5.06130988755
5.06019124461
5.05907289823
5.06185073962
5.06391908171
5.06571911335
5.0646004415
5.06466479757
5.06672994303
5.0656119668
5.06449428798
5.06337690707
5.06225982459
5.06114304102
5.06002655688
5.06008699939
5.06045180317
5.06081652902
5.05970178269
5.05858733525
5.05952304676
5.05840914001
5.05930834815
5.0581949946
5.05853700434
5.05889073765
5.05922110503
5.06008555556
5.05897411158
5.05786296596
5.05675211916
5.05950849984
5.06156235527
5.06045125507
5.05934045471
5.06112851907
5.06001795862
5.06163342107
5.06312047294
5.06460666158
5.06583382046
5.06721691046
5.06610695571
5.06748933657
5.06878663853
5.06767717449
5.06897385726
5.07013470667
5.06902580983
5.07024916059
5.06914069877
5.06803253717
5.0691366777
5.06802899266
5.06692160845
5.06581452552
5.06470774432
5.06744101587
5.06633414599
5.06738725171
5.06628087685
5.06517480487
5.06406903619
5.06610464505
5.06499903108
5.06505886098
5.06611106823
5.06500648453
5.0653372439
5.06710810991
5.06600421207
5.06490061776
5.06379732741
5.06399247558
5.06288997519
5.0617877791
5.06210904879
5.06229676212
5.0626403414
5.06153981029
5.06185060022
5.06075081601
5.06093124978
5.06126427553
5.06016571683
5.05906746125
5.05939027088
5.05829275582
5.05719554423
5.0560986365
5.05500203306
5.05390573428
5.05280974059
5.05171405236
5.05061867
5.04952359389
5.05035183929
5.05067828462
5.04958420813
5.05004772799
5.04895434246
5.04962909396
5.05042757723
5.04933507905
5.05010604785
5.05075872108
5.04966712529
5.04857583501
5.04748485061
5.04811768465
5.04847919488
5.04738925703
5.04773966817
5.04818991004
5.04852897597
5.04885706154
5.04776908252
5.04808686547
5.04839415772
5.04869118741
5.04897817349
5.04925532626
5.04816982721
5.04708463065
5.04599973697
5.0466127176
5.04688143725
5.04714073203
5.04739078897
5.04763178825
5.0465493106
5.04714305838
5.04606121285
5.04629412003
5.04521302813
5.04578901098
5.04470855595
5.04493355814
5.04446075708
5.04398638415
5.0435104495
5.04243281613
5.04135548203
5.04227880752
5.04249671344
5.04142034829
5.04163034317
5.04218981506
5.04239150318
5.04288688779
5.04181243058
5.04235500531
5.04254893421
5.04302955502
5.04334073038
5.04386655763
5.04405242755
5.04435334414
5.04453144222
5.04346055423
5.04375197944
5.04407360982
5.04300385296
5.0419343904
5.04244497416
5.04137615502
5.04187181631
5.04453024021
5.04346169846
5.0423934514
5.04287414133
5.04240651038
5.04193734505
5.04146665514
5.0441201296
5.04610465999
5.0450385716
5.04677008017
5.04570422346
5.04463866021
5.04500424036
5.04508110679
5.0440167192
5.04448274867
5.04341901301
5.04441247595
5.04597747564
5.04642917114
5.04787167396
5.04680880251
5.04776032524
5.04910501349
5.050018604
5.05045572008
5.05133437751
5.0508655295
5.05039518343
5.0499233488
5.05118532105
5.05203121325
5.0524548539
5.05276555281
5.05358071982
5.0525225231
5.05330948565
5.05225182402
5.0511944505
5.05160595504
5.05236634459
5.05257029477
5.05264240388
5.05270860107
5.05289698616
5.05184237074
5.05257709801
5.05328773601
5.05364075418
5.05258734301
5.0515342174
5.0518771492
5.05227654036
5.05260877808
5.0515570904
5.05050568776
5.05107715115
5.05137973487
5.05032933129
5.04927921267
5.0498340526
5.05037237511
5.05298299947
5.05559206845
5.05595595136
5.05790798396
5.0568583162
5.05856214808
5.05751270526
5.0564635473
5.05541467452
5.05695721601
5.05955870549
5.06150569552
5.06184634707
5.06326645938
5.06496458324
5.06650191457
5.06682043305
5.06823768688
5.06718937666
5.06773781446
5.06905928268
5.07038004367
5.07162151156
5.07279507061
5.07174768902
5.07070059098
5.0696537768
5.0707683361
5.0718301709
5.07236069497
5.07359951456
5.07461297996
5.07558335382
5.0765142343
5.07702755304
5.07819661945
5.07715173695
5.07764973615
5.07813297143
5.07924227638
5.07971084475
5.07993544446
5.07889238677
5.07934735422
5.07978886261
5.07874677061
5.07770495897
5.07792250574
5.07688139075
5.07944962642
5.08050444263
5.08093271579
5.07989203164
5.08181246585
5.08202123926
5.08233663099
5.08129689325
5.08230330501
5.08126400695
5.08156996574
5.08053133215
5.08149510331
5.0817820315
5.08207837678
5.08228003558
5.08320398799
5.08487518023
5.08506848402
5.08548298872
5.08636973046
5.0878813373
5.08794207919
5.08812726073
5.08852871237
5.08891821984
5.08909591273
5.08926631825
5.08823284653
5.08839651133
5.09094089839
5.09124481547
5.09021208775
5.09036841774
5.09227155849
5.09242045498
5.09408138163
5.09362941865
5.09317602177
5.09272119991
5.09286359244
5.09436644311
5.09575250265
5.09472303309
5.093693835
5.09382967751
5.09478379107
5.09607596622
5.09620471959
5.09758813449
5.09793115741
5.09826370459
5.09723663037
5.0973590027
5.09768168765
5.09889428486
5.09786836583
5.09684271613
5.09695931048
5.09593436252
5.09624783032
5.09652359179
5.09549966353
5.09447600437
5.09485308888
5.09521896382
5.09556330947
5.09808106851
5.09843516935
5.09741286332
5.09774631608
5.09672463891
5.09860846332
5.09899583208
5.09965951181
5.098638573
5.09896177668
5.09933776828
5.09939630036
5.10003889581
5.09959183448
5.09914337582
5.09869352837
5.0993164004
5.09829921971
5.09890323578
5.09948890281
5.10005693477
5.10060799309
5.10100666412
5.10154121259
5.10192803448
5.10244665925
5.10143212502
5.10041785354
5.09996947884
5.0995197351
5.09906863063
5.09933672481
5.09832488572
5.09852073385
5.09870921385
5.0989954897
5.09917672218
5.09948152027
5.09977689297
5.10006304037
5.09905411076
5.09922860729
5.09928548918
5.09960008456
5.09859260608
5.09889794662
5.09789108463
5.09688448098
5.09718114006
5.09617515511
5.09516942874
5.09416396123
5.09315875287
5.0927142913
5.09289896966
5.09295400224
5.09325225627
5.09224908007
5.09272668302
5.0931905789
5.09364117891
5.09392139546
5.09421051051
5.09447331074
5.09566901016
5.09610608601
5.09637704982
5.09537688852
5.09437698282
5.093377333
5.09354906689
5.09371397951
5.09271537383
5.09171702386
5.0918760183
5.09225566723
5.09125829686
5.09026118205
5.08926432309
5.08963401839
5.08981468649
5.08998844164
5.08899294594
5.08944480046
5.08961209318
5.08861754717
5.08890057464
5.08926000996
5.08969910823
5.08986003502
5.09013419449
5.08969930021
5.09012597389
5.08913430543
5.08940038817
5.09047171266
5.09149330326
5.09247014283
5.09492676043
5.09586202091
5.09676001302
5.09681409132
5.09767754168
5.09951805314
5.10034889773
5.09935887175
5.09892345492
5.10053137644
5.09954211668
5.0995911107
5.09984655394
5.10130326519
5.1013469654
5.10035914837
5.10170370508
5.10250325718
5.10327498137
5.1040205206
5.10527445767
5.10428756542
5.10330092213
5.10231452805
5.10132838347
5.10034248863
5.1014598539
5.10218084697
5.10174818069
5.10280962702
5.103821827
5.10283728583
5.10185299369
5.10282115664
5.10238818421
5.10195391909
5.10151836892
5.10244622763
5.10200938354
5.10325923752
5.10443539576
5.10554843879
5.10660628251
5.10689519855
5.10790373071
5.10692300915
5.10696381315
5.10722717482
5.1062474622
5.1065029319
5.10665724596
5.10567850846
5.10592625956
5.10774400115
5.10789188878
5.1069140067
5.10716965366
5.10619236441
5.1064324062
5.10668032355
5.10682276089
5.10707067266
5.10731068345
5.10889709178
5.10792177698
5.10936013898
5.11068836545
5.11025498053
5.10982034008
5.10938445142
5.10841105172
5.10965116837
5.10867806025
5.10770519429
5.10673257075
5.10789991626
5.10832140064
5.10873109687
5.10912932244
5.10951637873
5.10989255219
5.11025811544
5.11061332828
5.11095843852
5.11129368285
5.11161928757
5.11193546922
5.11224243528
5.11254038464
5.11364128513
5.11393012263
5.11421032039
5.11448205461
5.11628074895
5.11654370322
5.11679852931
5.11583191736
5.11740411307
5.11882977477
5.11964393574
5.12096004262
5.11999380225
5.12077869607
5.12200745012
5.12276476113
5.12392078834
5.12295527411
5.12368683674
5.12478064916
5.12381565596
5.12338452523
5.12295217031
5.12251859826
5.12286092937
5.12189810217
5.12260553936
5.12164314876
5.12188194117
5.12292088583
5.12376202278
5.12457232881
5.12535386436
5.12568590341
5.12644027693
5.12716928277
5.12785193359
5.12884031654
5.12954471238
5.12986623506
5.13054778823
5.1312078152
5.13184734733
5.13246732265
5.13306859805
5.13331267869
5.13425547395
5.13491399569
5.13514998425
5.13537839003
5.13541664288
5.13445981108
5.13468116206
5.13558395244
5.13622144221
5.13526553751
5.13549430968
5.13570836274
5.13475336537
5.13496059498
5.13516078567
5.13535405899
5.13557573809
5.13576221585
5.13594200986
5.13680755266
5.13742475512
5.13745958276
5.13759508845
5.13664351104
5.13681688953
5.13723005431
5.13739692939
5.13761139756
5.13844289154
5.13860326204
5.13817680399
5.13848779345
5.13908554359
5.13948670921
5.13978847593
5.13884060166
5.13923080755
5.13828344087
5.13849119876
5.13754439231
5.13774549993
5.13793974097
5.13823350046
5.13842097362
5.13747572169
5.13765690339
5.13671221688
5.1357677527
5.13482351109
5.13498019098
5.13513075321
5.13527529214
5.13541389947
5.13558970052
5.13575909632
5.13589192621
5.13601900362
5.13614041291
5.13625623616
5.13636655333
5.13647144228
5.1365709789
5.13666523717
5.13675428921
5.13581560646
5.13589988938
5.13613156057
5.13621080783
5.13628505746
5.13641888092
5.13648825956
5.13655277113
5.13671687633
5.13699530742
5.13726555677
5.13732536545
5.1363907509
5.13545635182
5.13452216844
5.13358820102
5.1337475484
5.13390082999
5.13296776314
5.13255421935
5.13270206816
5.13177006613
5.13225905981
5.13457511872
5.13416076849
5.13322945338
5.13370460927
5.13277375818
5.13184312222
5.13358362288
5.13404570466
5.13635689815
5.13787910188
5.13940055321
5.14025498275
5.14070259488
5.14243790986
5.14474345369
5.1455641412
5.14599808615
5.14751500551
5.14924648997
5.14831608382
5.14738589202
5.14780753732
5.14932236632
5.15162109417
5.15203011216
5.15340325048
5.15477572415
5.1561475337
5.15741500275
5.15781128753
5.15907779634
5.15935158977
5.15961730719
5.15868842464
5.15995371156
5.15902506282
5.1602073355
5.16059208715
5.16092677471
5.16210785072
5.16236524834
5.16258542464
5.1629590565
5.16407026673
5.16518096342
5.16543000018
5.16648139568
5.16753231181
5.16660600836
5.16760540632
5.1686043546
5.16926416634
5.16833845353
5.16873173876
5.16968435089
5.16971851099
5.1701007048
5.1712752679
5.17035081691
5.17130220358
5.17221243835
5.17308526843
5.17216138191
5.17248409158
5.17332256494
5.17291065635
5.1724976014
5.17208340649
5.17244446948
5.17152295609
5.17173509154
5.17204909908
5.17235423356
5.17270540048
5.17290380504
5.17516831964
5.17546407776
5.17565524783
5.17473575956
5.17643697978
5.17662153467
5.17686146642
5.17834954831
5.17793591048
5.17752114866
5.17710526908
5.17733795527
5.17642090722
5.17664667575
5.17573013874
5.17608061425
5.1762595438
5.17534380109
5.1756848354
5.1757169322
5.176438914
5.17552417397
5.17460963822
5.17369530698
5.17402754949
5.17311369726
5.17220004976
5.17178807871
5.17087511717
5.17090521774
5.17049284214
5.17007936897
5.16966480425
5.16987267719
5.16896202593
5.16805157812
5.16953336081
5.16979164518
5.16888164597
5.17022619986
5.16981198008
5.1700858933
5.17011324696
5.17033520994
5.17058600077
5.17182747866
5.17210900373
5.17235202594
5.17144453399
5.17173441512
5.17200810998
5.17159445939
5.17187624468
5.17303516717
5.17330081976
5.1735587669
5.17265341934
5.17223952903
5.1727856215
5.17305933716
5.17264460531
5.17289545454
5.17398556665
5.17451566699
5.17361252172
5.17270957526
5.17295324677
5.17321939663
5.17425131969
5.17476641284
5.17502453476
5.17600568217
5.17510417383
5.17593183132
5.17672859939
5.17749668844
5.17843221207
5.17917318633
5.17967248095
5.18038815129
5.17948788423
5.18018012757
5.18107438085
5.18155936512
5.18180869096
5.1826660858
5.18313737902
5.18223843917
5.18306236922
5.18429026235
5.18339166544
5.18418452649
5.18328626269
5.18443372639
5.18445822139
5.18466526981
5.18486574111
5.18509317415
5.18528717394
5.18547482086
5.18567528261
5.18591686763
5.18667970223
5.18741597298
5.18652065534
5.18723218406
5.18633721775
5.18544244559
5.18560030885
5.18562185878
5.18472793321
5.18496304896
5.18406960352
5.18455303149
5.18365999828
5.18381302448
5.18292049304
5.18314935538
5.18361984274
5.18493978861
5.18625912408
5.18640615822
5.18686304497
5.18700445634
5.18723950794
5.18634878468
5.18545825415
5.18456791655
5.18367777209
5.18412305995
5.18414304602
5.18325366235
5.18348309391
5.18370565854
5.18413903774
5.18436151571
5.18457725399
5.18368943464
5.18280180747
5.18322390864
5.18343353849
5.18367026736
5.18390001978
5.18431066551
5.18342454601
5.18364766752
5.18276202311
5.18316214914
5.18227693176
5.18249383977
5.18288352615
5.18364227288
5.18383953033
5.18406289665
5.18444194427
5.18355839106
5.18392763129
5.18414446414
5.18461381744
5.18497309776
5.18542968215
5.18454752345
5.18366555431
5.18411033206
5.18446034297
5.18447971215
5.18359873527
5.18320297698
5.18280618248
5.18240835728
5.18284165023
5.18196242312
5.18302955097
5.18345128067
5.18446230556
5.18447871806
5.18449132746
5.18470238028
5.18484257099
5.18396512894
5.18437552757
5.18451065012
5.18547177609
5.18459513016
5.18419862785
5.18332261112
5.1824467811
5.18284684945
5.18297757703
5.18378962473
5.18417893216
5.18378266764
5.18338539168
5.18416729966
5.18430334129
5.18443415365
5.18481318029
5.18501867632
5.18514431642
5.18589770639
5.18502549827
5.18521866109
5.18613387039
5.18633301888
5.18670172968
5.18742857258
5.18754901617
5.18842456965
5.18864248755
5.18865341928
5.1888460731
5.18920458612
5.18990622638
5.18951035626
5.19018926466
5.19053813238
5.19216177747
5.19129317601
5.19207035417
5.19274819285
5.19417039314
5.19482632804
5.1944297015
5.19403208461
5.19363348254
5.19276675409
5.19405791979
5.19469340521
5.1948733752
5.19606713422
5.19668286251
5.19702110007
5.19785629527
5.19802984874
5.199145199
5.19874621938
5.19934277984
5.20014509032
5.20119555441
5.20261032691
5.20474885366
5.20388407126
5.20549571439
5.20626655439
5.205401978
5.20681401421
5.20594957199
5.2066928112
5.20797506109
5.20829312642
5.20742922606
5.20703006065
5.20774730893
5.20734719465
5.2083387762
5.20793764661
5.20753556259
5.20713252908
5.20672855098
5.20632363316
5.20591778045
5.20710183247
5.20669494511
5.2062871327
5.20587839999
5.20546875169
5.20505819247
5.20464672697
5.20423435982
5.2038210956
5.20340693885
5.20299189412
5.2025759659
5.20215915865
5.20130424849
5.2008869962
5.20046887371
5.20004988539
5.19963003562
5.19920932871
5.19878776895
5.19836536063
5.1975136271
5.19845611589
5.19803325473
5.19718219425
5.19828779541
5.19743693647
5.19833699678
5.19937901477
5.19952764206
5.19867736484
5.19966512882
5.19924266072
5.19938628897
5.19896315548
5.1985391914
5.19811440086
5.19726634195
5.19641845203
5.19557073128
5.19651107599
5.19566359723
5.19585296762
5.19621012981
5.19536331026
5.19622410722
5.19537754967
5.19627542251
5.19662340727
5.19577732691
5.19660348528
5.19746320635
5.19661748894
5.19577194076
5.19492656203
5.19572132492
5.19606064863
5.19521577452
5.19604114176
5.19519653786
5.19435210355
5.1945427062
5.19369870546
5.19449291328
5.19461450702
5.19377106538
5.19395625436
5.19397333314
5.19409050244
5.19324808394
5.19343938698
5.19259739992
5.19271043493
5.19289053339
5.19406254399
5.1948268639
5.19501225718
5.19577613146
5.19493536241
5.19567262927
5.19578072519
5.1949405279
5.19603599936
5.19621573213
5.19695220077
5.1961125852
5.19527313769
5.19443385843
5.19476518784
5.19508806205
5.19579966389
5.19683154084
5.19714573484
5.19785654859
5.19701841358
5.19618044629
5.1968912441
5.19605357096
5.1967412209
5.19704753889
5.19621039474
5.19687612622
5.19717463758
5.19719052227
5.19635421631
5.19699919746
5.19729009913
5.19645433477
5.19667662944
5.19584128165
5.19500610118
5.19522265968
5.19638631901
5.19555156589
5.1947169802
5.19388256212
5.1940700498
5.19323605653
5.19240223104
5.19156857351
5.19073508411
5.18990176302
5.18906861042
5.18823562649
5.1874028114
5.18657016533
5.18573768845
5.18490538093
5.18407324295
5.18324127468
5.18240947629
5.18157784795
5.18074638983
5.1799151021
5.17908398493
5.17825303848
5.17742226292
5.17764423813
5.17681387917
5.17699558811
5.17616565561
5.17533589411
5.17551268402
5.17568412815
5.17485505153
5.17402614584
5.17319741125
5.17236884792
5.17154045601
5.17071223568
5.16988418709
5.17010250826
5.16927487617
5.16948747611
5.1704634284
5.1696362677
5.16880927874
5.1689993103
5.16817274417
5.16838000427
5.16755385632
5.16880610517
5.16798011294
5.16914037915
5.16951359535
5.17060025303
5.16977466896
5.16894925666
5.16812401627
5.16848843884
5.16951396091
5.16868913859
5.16966252465
5.17001775465
5.1691933651
5.1683691474
5.16864683663
5.16782301765
5.16699937065
5.16727053293
5.16761779015
5.16679475205
5.16597188589
5.16514919181
5.16432666996
5.16453017466
5.16414237601
5.16375376717
5.16336435201
5.16356263472
5.16274194798
5.16192143262
5.16227005932
5.16246324929
5.16164335772
5.16198371261
5.16116420089
5.16034486045
5.16067739901
5.15985844013
5.15903965266
5.15936456908
5.15854616482
5.15888732516
5.15907637996
5.15939353549
5.15857596822
5.15775857209
5.15809181598
5.15727479986
5.15745916756
5.1577691765
5.15834623998
5.15853580502
5.1588609524
5.15942204745
5.15972418895
5.16004130425
5.15922609889
5.1597720292
5.1589571487
5.15814243827
5.15732789805
5.15763807893
5.15816990808
5.15735590859
5.15765869498
5.15788861964
5.15707523636
5.15759329369
5.15721206395
5.15683003836
5.15644722072
5.15674306505
5.15696750702
5.15747218383
5.15776071245
5.15694963297
5.15716833033
5.15745002019
5.15880800855
5.15929933405
5.16053580731
5.15972544798
5.16020421573
5.16055337263
5.16169910654
5.16197301159
5.16259779734
5.16306389812
5.16340412335
5.16367100855
5.16427740732
5.16473156934
5.16499164131
5.16558068191
5.16624232634
5.16653611605
5.16572824945
5.16492054909
5.16536334024
5.16643387658
5.16700610583
5.16764725245
5.16807859299
5.16908868419
5.16964470866
5.17026635927
5.16945978767
5.17041837218
5.17095918584
5.17057888072
5.1701977959
5.16981593506
5.16901085585
5.16820594138
5.16852917569
5.16905605256
5.16924037179
5.16957118928
5.1687672342
5.1679634435
5.16715981731
5.16635635578
5.16696012393
5.16747353378
5.16797377548
5.16717092772
5.16636824448
5.16556572589
5.16605375919
5.16696598706
5.16755241838
5.16787592688
5.16707413195
5.16627250144
5.16653962159
5.16657567661
5.16577469584
5.1649738794
5.16529045282
5.16449000299
5.16368971758
5.16391461857
5.16592281453
5.16618372882
5.1664023896
5.16671124203
5.16728094299
5.16648162196
5.16673616241
5.1676066582
5.16680778428
5.16764307924
5.16684444457
5.16604597375
5.16625936165
5.16546128021
5.16576320902
5.1649654953
5.16576871961
5.16597681222
5.1661794511
5.16538243731
5.16593647873
5.16623127399
5.16677052238
5.16754354758
5.16772007571
5.16791193113
5.16809348641
5.16729791174
5.16650249977
5.16724825234
5.16645309856
5.16717387265
5.16787124633
5.16815879308
5.16736421534
5.16656980019
5.16577554777
5.1649814582
5.1641875316
5.16431460746
5.16499034609
5.16589552535
5.16510217233
5.16430898216
5.16496405284
5.16417114157
5.16337839329
5.16369572941
5.16456181576
5.1637694922
5.16297733163
5.16361301347
5.163922983
5.16313130333
5.16338154566
5.16368440987
5.1628933042
5.16210236129
5.16234689307
5.16155632583
5.16076592143
5.16099332778
5.16020330288
5.16049997939
5.16073910243
5.16096098589
5.16125063545
5.16046160507
5.16067809614
5.16096111136
5.16157785967
5.16078953506
5.16000137254
5.15921337224
5.15981310248
5.15902539095
5.15920603351
5.15841871026
5.15763154928
5.15775801801
5.15803529126
5.15830604658
5.15888918017
5.1593412503
5.15855518694
5.15776928535
5.15803384872
5.15822011032
5.15866151379
5.15909242038
5.15932672079
5.15950786775
5.15992845413
5.15914407331
5.15932049602
5.15988711379
5.16029777592
5.16084920482
5.16006564708
5.16046673595
5.16010873669
5.15974997812
5.15939046374
5.15956237639
5.15995429868
5.15917252169
5.15921529661
5.15940702228
5.15956513178
5.15878421629
5.15899694485
5.1591507422
5.15837042825
5.15875356955
5.1599532838
5.16010255744
5.1602700972
5.15949055026
5.15963565479
5.15967599599
5.15985329895
5.16032642453
5.16078809
5.16132396839
5.16153121662
5.16198156813
5.16120369832
5.16150081656
5.16072329685
5.15994593461
5.16046813095
5.15969106572
5.15989373434
5.16033367858
5.16062429895
5.16091486238
5.16013871412
5.16064755054
5.16084506173
5.16006942729
5.1601079469
5.15975374101
5.15939878935
5.15904309532
5.15826890057
5.15749486206
5.15672097989
5.15594725419
5.15644413211
5.15692880704
5.15657384153
5.15728630251
5.1565134587
5.15698635666
5.15744787967
5.15838203077
5.15802671627
5.15847704651
5.15812105709
5.15776433965
5.15740689748
5.1582980657
5.15847726301
5.15811917363
5.1577603663
5.15740084427
5.15663130805
5.15811078143
5.15828551141
5.15751625871
5.15765984984
5.15896242376
5.15900028495
5.15913941886
5.16032702166
5.15955855329
5.15969350417
5.15892541433
5.158157478
5.15859672381
5.15863212127
5.15883656055
5.15926543122
5.15997447299
5.16010148744
5.1593347878
5.15952423823
5.15875790274
5.15894270938
5.16087910007
5.16197871932
5.16210158113
5.16228098108
5.1615152563
5.1625468069
5.16266575957
5.16284047249
5.16325827669
5.16410620365
5.16508051936
5.16431564712
5.16549673244
5.16590430485
5.16700046466
5.16781345606
5.16704894202
5.16807728271
5.16900179299
5.16864561229
5.16952802867
5.1696970518
5.16893334344
5.1697783017
5.17058965747
5.17098661942
5.17176723566
5.17215491963
5.1729073588
5.17307590493
5.17345451467
5.17418081602
5.17488314444
5.17556309954
5.17593259165
5.17629370175
5.17553172552
5.17588483157
5.17512317528
5.17436166898
5.17453489198
5.17470351345
5.17394258006
5.17358811341
5.17370250127
5.17294227335
5.173106916
5.17234704995
5.17251190502
5.17262294467
5.17278334791
5.17294375335
5.17305104913
5.17320706909
5.17244865218
5.17169038408
5.1709322649
5.17017429476
5.16941647375
5.16976301353
5.16900551102
5.16824815773
5.16749095376
5.16765748305
5.16956844342
5.16881141064
5.16805452728
5.1699643147
5.16920739296
5.16924262692
5.16947302699
5.17092526159
5.17220491401
5.17144844827
5.17170677775
5.17095064963
5.17117541114
5.17041962804
5.17007048077
5.16972063995
5.16937010864
5.16947595218
5.16872151843
5.16937838867
5.16959840786
5.17150137837
5.17074719926
5.170905077
5.17055458884
5.17245591215
5.17284261186
5.17299586156
5.1744419426
5.17368854562
5.17293529675
5.17308443634
5.17324648901
5.17452022452
5.17376749876
5.17301492099
5.17226249132
5.17151020984
5.17116081672
5.17119489115
5.17129780694
5.17143129931
5.17146257221
5.17111304265
5.17076283658
5.17041195699
5.16966202057
5.16891223116
5.16816258884
5.1700559208
5.16970506242
5.16895570444
5.1686045004
5.16825263183
5.16750406412
5.16675564326
5.16600736935
5.16525924248
5.16451126275
5.16376343026
5.1630157451
5.16226820737
5.16191824412
5.16156762202
5.16121634392
5.16086441267
5.16102613874
5.1612876847
5.1605419605
5.16079785385
5.16005245908
5.15970082004
5.15995126406
5.15920651868
5.15942496346
5.15868055515
5.15889410732
5.15910265734
5.15930628398
5.15856259995
5.1587664014
5.15896535799
5.15822220778
5.15747920335
5.15712923103
5.15638668953
5.1565863179
5.15678118057
5.15697602829
5.15716618334
5.15860025835
5.15785855862
5.15711700422
5.15637559522
5.15563433172
5.15489321382
5.15508404108
5.15524393749
5.15539552153
5.15555542084
5.15520740908
5.15539371415
5.1558194689
5.15708226946
5.15726371642
5.15767952458
5.15808603132
5.15734695274
5.15660801857
5.15700578062
5.15626713842
5.15814145042
5.1595698627
5.16082973399
5.16198005606
5.1623678474
5.16162917109
5.16269771999
5.16370129658
5.16465081509
5.16555403621
5.16641676524
5.16724351027
5.16803787431
5.16880280355
5.16954075237
5.17025379728
5.16951570124
5.1696906887
5.16986128734
5.16912372753
5.16838631137
5.16855297816
5.16781590296
5.16800039805
5.16879333379
5.16805665364
5.16823668743
5.16750034467
5.16767612995
5.16694012528
5.16620426409
5.16635915821
5.16639520776
5.16656702792
5.16583192919
5.16586546233
5.16513073214
5.16439614514
5.16366170142
5.16391807589
5.16318395125
5.16244996993
5.16210738979
5.16176417572
5.16142033042
5.16107585657
5.16034324869
5.16037595576
5.16053274592
5.15980070165
5.15983095439
5.15998389933
5.16013282781
5.16028577875
5.15955469375
5.15972020766
5.15988154454
5.1600825758
5.16027892535
5.16043612509
5.1611981161
5.16046819341
5.15973841219
5.15993037924
5.15920092713
5.15847161654
5.15774244756
5.15793044092
5.15758922618
5.15724738918
5.15690493254
5.15617700519
5.15758858342
5.15943772856
5.15870968542
5.16011998945
5.15939200729
5.15866416643
5.15990857868
5.15918083521
5.16031750486
5.15958988238
5.16064640787
5.16163904447
5.16257852442
5.16185107397
5.16150907835
5.16240301364
5.16325714932
5.16407591625
5.16410501853
5.16489184863
5.16564975329
5.16492320695
5.16419680146
5.1634705369
5.16274441334
5.16240296789
5.16206091257
5.16171824993
5.16099317057
5.16026823184
5.16041891457
5.15969430985
5.15983356103
5.15996903869
5.16010079028
5.15937691516
5.15948735991
5.15951595695
5.15970033613
5.15897720716
5.15915311442
5.15933330508
5.15861068883
5.15788821246
5.15716587604
5.15644367966
5.15662031515
5.15664749976
5.15592584812
5.1552043364
5.1544829647
5.15473692001
5.15401585735
5.15464169257
5.15392085821
5.1532001639
5.15344907595
