0.0
0.0
0.0
0.0
0.0
0.0
0.0
0.0
0.0
0.0
0.0
0.0
0.0
0.0
0.0
0.0
0.0
0.0
0.0
0.0
0.0
0.0
0.0
0.0
0.0
0.0
0.0
0.0
0.0
0.0
0.0
0.0
0.0
0.0
0.0
0.0
0.0
0.0
0.0
0.0
0.0
0.0
0.0
0.0
0.0
0.0
0.0
0.0
0.0
0.0
0.0
0.0
0.0
0.0
0.0
0.0
0.0
0.0
0.0
0.0
0.0
0.0
0.0
0.0
0.0
0.0
0.0
0.0
0.0
0.0
0.0
0.0
0.0
0.0
0.0
0.0
0.0
0.0
0.0
0.0
0.0
0.0
0.0
0.0
0.0
0.0
0.0
0.0
0.0
0.0
0.0
0.0
0.0
0.0
0.0
0.0
0.0
0.0
0.0
0.0
0.0
0.0
0.0
0.0
0.0
0.0
0.0
0.0
0.0
0.0
0.0
0.0
0.0
0.0
0.0
0.0
0.0
0.0
0.0
0.0
0.0
0.0
0.0
0.0
0.0
0.0
0.0
0.0
0.0
0.0
0.0
0.0
0.0
0.0
0.0
0.0
0.0
0.0
0.0
0.0
0.0
0.0
0.0
0.0
0.0
0.0
0.0
0.0
0.0
0.0
0.0
0.0
0.0
0.0
0.0
0.0
0.0
0.0
0.0
0.0
0.0
0.0
0.0
0.0
0.0
0.0
0.0
0.0
0.0
0.0
0.0
0.0
0.0
0.0
0.0
0.0
0.0
0.0
0.0
0.0
0.0
0.0
0.0
0.0
0.0
0.0
0.0
0.0
0.0
0.0
0.0
0.0
0.0
0.0
0.0
0.0
0.0
0.0
0.0
0.0
0.0
0.0
0.0
0.0
0.0
0.0
0.0
0.0
0.0
0.0
0.0
0.0
0.0
0.0
0.0
0.0
0.0
0.0
0.0
0.0
0.0
0.0
0.0
0.0
0.0
0.0
0.0
0.0
0.0
0.0
0.0
0.0
0.0
0.0
0.0
0.0
0.0
0.0
0.0
0.0
0.0
0.0
0.0
0.0
0.0
0.0
0.0
0.0
0.0
0.0
0.0
0.0
0.0
0.0
0.0
0.0
0.0
0.0
0.0
0.0
0.0
0.0
0.0
0.0
0.0
0.0
0.0
0.0
0.0
0.0
0.0
0.0
0.0
0.0
0.0
0.0
0.0
0.0
0.0
0.0
0.0
0.0
0.0
0.0
0.0
0.0
0.0
0.0
0.0
0.0
0.0
0.0
0.0
0.0
0.0
0.0
0.0
0.0
0.0
0.0
0.0
0.0
0.0
0.0
0.0
0.0
0.0
0.0
0.0
0.0
0.0
0.0
0.0
0.0
0.0
0.0
0.0
0.0
0.0
0.0
0.0
0.0
0.0
0.0
0.0
0.0
0.0
0.0
0.0
0.0
0.0
0.0
0.0
0.0
0.0
0.0
0.0
0.0
0.0
0.0
0.0
0.0
0.0
0.0
0.0
0.0
0.0
0.0
0.0
0.0
0.0
0.0
0.0
0.0
0.0
0.0
0.0
0.0
0.0
0.0
0.0
0.0
0.0
0.0
0.0
0.0
0.0
0.0
0.0
0.0
0.0
0.0
0.0
0.0
0.0
0.0
0.0
0.0
0.0
0.0
0.0
0.0
0.0
0.0
0.0
0.0
0.0
0.0
0.0
0.0
0.0
0.0
0.0
0.0
0.0
0.0
0.0
0.0
0.0
0.0
0.0
0.0
0.0
0.0
0.0
0.0
0.0
0.0
0.0
0.0
0.0
0.0
0.0
0.0
0.0
0.0
0.0
0.0
0.0
0.0
0.0
0.0
0.0
0.0
0.0
0.0
0.0
0.0
0.0
0.0
0.0
0.0
0.0
0.0
0.0
0.0
0.0
0.0
0.0
0.0
0.0
0.0
0.0
0.0
0.0
0.0
0.0
0.0
0.0
0.0
0.0
0.0
0.0
0.0
0.0
0.0
0.0
0.0
0.0
0.0
0.0
0.0
0.0
0.0
0.0
0.0
0.0
0.0
0.0
0.0
0.0
0.0
0.0
0.0
0.0
0.0
0.0
0.0
0.0
0.0
0.0
0.0
0.0
0.0
0.0
0.0
0.0
0.0
0.0
0.0
0.0
0.0
0.0
0.0
0.0
0.0
0.0
0.0
0.0
0.0
0.0
0.0
0.0
0.0
0.0
0.0
0.0
0.0
0.0
0.0
0.0
0.0
0.0
0.0
0.0
0.0
0.0
0.0
0.0
0.0
0.0
0.0
0.0
0.0
0.0
0.0
0.0
0.0
0.0
0.0
0.0
0.0
0.0
0.0
0.0
0.0
0.0
0.0
0.0
0.0
0.0
0.0
0.0
0.0
0.0
0.0
0.0
0.0
0.0
0.0
0.0
0.0
0.0
0.0
0.0
0.0
0.0
0.0
0.0
0.0
0.0
0.0
0.0
0.0
0.0
0.0
0.0
0.0
0.0
0.0
0.0
0.0
0.0
0.0
0.0
0.0
0.0
0.0
0.0
0.0
0.0
0.0
0.0
0.0
0.0
0.0
0.0
0.0
0.0
0.0
0.0
0.0
0.0
0.0
0.0
0.0
0.0
0.0
0.0
0.0
0.0
0.0
0.0
0.0
0.0
0.0
0.0
0.0
0.0
0.0
0.0
0.0
0.0
0.0
0.0
0.0
0.0
0.0
0.0
0.0
0.0
0.0
0.0
0.0
0.0
0.0
0.0
0.0
0.0
0.0
0.0
0.0
0.0
0.0
0.0
0.0
0.0
0.0
0.0
0.0
0.0
0.0
0.0
0.0
0.0
0.0
0.0
0.0
0.0
0.0
0.0
0.0
0.0
0.0
0.0
0.0
0.0
0.0
0.0
0.0
0.0
0.0
0.0
0.0
0.0
0.0
0.0
0.0
0.0
0.0
0.0
0.0
0.0
0.0
0.0
0.0
0.0
0.0
0.0
0.0
0.0
0.0
0.0
0.0
0.0
0.0
0.0
0.0
0.0
0.0
0.0
0.0
0.0
0.0
0.0
0.0
0.0
0.0
0.0
0.0
0.0
0.0
0.0
0.0
0.0
0.0
0.0
0.0
0.0
0.0
0.0
0.0
0.0
0.0
0.0
0.0
0.0
0.0
0.0
0.0
0.0
0.0
0.0
0.0
0.0
0.0
0.0
0.0
0.0
0.0
0.0
0.0
0.0
0.0
0.0
0.0
0.0
0.0
0.0
0.0
0.0
0.0
0.0
0.0
0.0
0.0
0.0
0.0
0.0
0.0
0.0
0.0
0.0
0.0
0.0
0.0
0.0
0.0
0.0
0.0
0.0
0.0
0.0
0.0
0.0
0.0
0.0
0.0
0.0
0.0
0.0
0.0
0.0
0.0
0.0
0.0
0.0
0.0
0.0
0.0
0.0
0.0
0.0
0.0
0.0
0.0
0.0
0.0
0.0
0.0
0.0
0.0
0.0
0.0
0.0
0.0
0.0
0.0
0.0
0.0
0.0
0.0
0.0
0.0
0.0
0.0
0.0
0.0
0.0
0.0
0.0
0.0
0.0
0.0
0.0
0.0
0.0
0.0
0.0
0.0
0.0
0.0
0.0
0.0
0.0
0.0
0.0
0.0
0.0
0.0
0.0
0.0
0.0
0.0
0.0
0.0
0.0
0.0
0.0
0.0
0.0
0.0
0.0
0.0
0.0
0.0
0.0
0.0
0.0
0.0
0.0
0.0
0.0
0.0
0.0
0.0
0.0
0.0
0.0
0.0
0.0
0.0
0.0
0.0
0.0
0.0
0.0
0.0
0.0
0.0
0.0
0.0
0.0
0.0
0.0
0.0
0.0
0.0
0.0
0.0
0.0
0.0
0.0
0.0
0.0
0.0
0.0
0.0
0.0
0.0
0.0
0.0
0.0
0.0
0.0
0.0
0.0
0.0
0.0
0.0
0.0
0.0
0.0
0.0
0.0
0.0
0.0
0.0
0.0
0.0
0.0
0.0
0.0
0.0
0.0
0.0
0.0
0.0
0.0
0.0
0.0
0.0
0.0
0.0
0.0
0.0
0.0
0.0
0.0
0.0
0.0
0.0
0.0
0.0
0.0
0.0
0.0
0.0
0.0
0.0
0.0
0.0
0.0
0.0
0.0
0.0
0.0
0.0
0.0
0.0
0.0
0.0
0.0
0.0
0.0
0.0
0.0
0.0
0.0
0.0
0.0
0.0
0.0
0.0
0.0
0.0
0.0
0.0
0.0
0.0
0.0
0.0
0.0
0.0
0.0
0.0
0.0
0.0
0.0
0.0
0.0
0.0
0.0
0.0
0.0
0.0
0.0
0.0
0.0
0.0
0.0
0.0
0.0
0.0
0.0
0.0
0.0
0.0
0.0
0.0
0.0
0.0
0.0
0.0
0.0
0.0
0.0
0.0
0.0
0.0
0.0
0.0
0.0
0.0
0.0
0.0
0.0
0.0
0.0
0.0
0.0
0.0
0.0
0.0
0.0
0.0
0.0
0.0
0.0
0.0
0.0
0.0
0.0
0.0
0.0
0.0
0.0
0.0
0.0
0.0
0.0
0.0
0.0
0.0
0.0
0.0
0.0
0.0
0.0
0.0
0.0
0.0
0.0
0.0
0.0
0.0
0.0
0.0
0.0
0.0
0.0
0.0
0.0
0.0
0.0
0.0
0.0
0.0
0.0
0.0
0.0
0.0
0.0
0.0
0.0
0.0
0.0
0.0
0.0
0.0
0.0
0.0
0.0
0.0
0.0
0.0
0.0
0.0
0.0
0.0
0.0
0.0
0.0
0.0
0.0
0.0
0.0
0.0
0.0
0.0
0.0
0.0
0.0
0.0
0.0
0.0
0.0
0.0
0.0
0.0
0.0
0.0
0.0
0.0
0.0
0.0
0.0
0.0
0.0
0.0
0.0
0.0
0.0
0.0
0.0
0.0
0.0
0.0
0.0
0.0
0.0
0.0
0.0
0.0
0.0
0.0
0.0
0.0
0.0
0.0
0.0
0.0
0.0
0.0
0.0
0.0
0.0
0.0
0.0
0.0
0.0
0.0
0.0
0.0
0.0
0.0
0.0
0.0
0.0
0.0
0.0
0.0
0.0
0.0
0.0
0.0
0.0
0.0
0.0
0.0
0.0
0.0
0.0
0.0
0.0
0.0
0.0
0.0
0.0
0.0
0.0
0.0
0.0
0.0
0.0
0.0
0.0
0.0
0.0
0.0
0.0
0.0
0.0
0.0
0.0
0.0
0.0
0.0
0.0
0.0
0.0
0.0
0.0
0.0
0.0
0.0
0.0
0.0
0.0
0.0
0.0
0.0
0.0
0.0
0.0
0.0
0.0
0.0
0.0
0.0
0.0
0.0
0.0
0.0
0.0
0.0
0.0
0.0
0.0
0.0
0.0
0.0
0.0
0.0
0.0
0.0
0.0
0.0
0.0
0.0
0.0
0.0
0.0
0.0
0.0
0.0
0.0
0.0
0.0
0.0
0.0
0.0
0.0
0.0
0.0
0.0
0.0
0.0
0.0
0.0
0.0
0.0
0.0
0.0
0.0
0.0
0.0
0.0
0.0
0.0
0.0
0.0
0.0
0.0
0.0
0.0
0.0
0.0
0.0
0.0
0.00918437669151
0.016795241271
0.0238067419502
0.023790830191
0.0237749411494
0.0237590747757
0.0237432310201
0.0303458676604
0.0366563296344
0.0427326863809
0.0427047937125
0.042676940183
0.0426491257079
0.0426213502027
0.0425936135836
0.0425659157666
0.0425382566681
0.0425106362049
0.0424830542939
0.0424555108523
0.0424280057973
0.0482686487665
0.0539424618657
0.0594697643183
0.0594318472033
0.0593939822758
0.0593561694252
0.0593184085411
0.0592806995132
0.0592430422318
0.0592054365874
0.0591678824708
0.0591303797731
0.0590929283857
0.0590555282005
0.0590181791094
0.0589808810048
0.0643354678302
0.0642950191415
0.0642546254084
0.0642142865159
0.064174002349
0.0641337727932
0.0640935977344
0.0640534770586
0.0640134106522
0.0639733984021
0.0639334401952
0.063893535919
0.0638536854612
0.0638138887098
0.0637741455532
0.06373445588
0.0636948195792
0.06365523654
0.0636157066521
0.0635762298053
0.0635368058899
0.0634974347964
0.0634581164155
0.0634188506386
0.0633796373568
0.0633404764621
0.0633013678464
0.0632623114021
0.0632233070218
0.0631843545984
0.0631454540252
0.0631066051958
0.0630678080039
0.0630290623436
0.0629903681095
0.0629517251961
0.0629131334985
0.0628745929121
0.0628361033322
0.062797664655
0.0627592767764
0.0627209395929
0.0626826530014
0.0626444168987
0.0626062311821
0.0625680957494
0.0625300104982
0.0624919753268
0.0624539901336
0.0624160548173
0.0623781692768
0.0623403334115
0.0623025471208
0.0622648103045
0.0622271228628
0.062189484696
0.0621518957047
0.0621143557898
0.0620768648524
0.0620394227941
0.0620020295165
0.0619646849216
0.0619273889116
0.061890141389
0.0618529422566
0.0618157914174
0.0617786887748
0.0617416342322
0.0617046276935
0.0616676690628
0.0616307582444
0.0615938951429
0.0615570796632
0.0615203117103
0.0614835911896
0.0614469180068
0.0614102920678
0.0613737132786
0.0613371815456
0.0613006967755
0.0612642588751
0.0612278677516
0.0611915233123
0.061155225465
0.0611189741174
0.0610827691777
0.0610466105542
0.0610104981556
0.0609744318908
0.0609384116687
0.0609024373988
0.0608665089907
0.0608306263541
0.0607947893992
0.0607589980362
0.0607232521757
0.0606875517284
0.0606518966055
0.060616286718
0.0605807219775
0.0605452022958
0.0605097275848
0.0604742977566
0.0604389127237
0.0604035723988
0.0603682766946
0.0603330255244
0.0602978188015
0.0602626564394
0.0602275383519
0.0601924644531
0.0601574346572
0.0601224488786
0.0600875070321
0.0600526090326
0.0600177547953
0.0599829442354
0.0599481772685
0.0599134538106
0.0598787737776
0.0598441370857
0.0598095436515
0.0597749933916
0.0597404862228
0.0597060220624
0.0596716008276
0.0596372224361
0.0596028868054
0.0595685938538
0.0595343434992
0.0595001356602
0.0594659702552
0.0594318472033
0.0593977664233
0.0593637278345
0.0593297313564
0.0592957769086
0.059261864411
0.0592279937837
0.059194164947
0.0591603778212
0.0591266323272
0.0590929283857
0.059059265918
0.0590256448453
0.058992065089
0.058958526571
0.058925029213
0.0588915729372
0.058858157666
0.0588247833217
0.0587914498272
0.0587581571052
0.0587249050789
0.0586916936716
0.0586585228067
0.058625392408
0.0585923023993
0.0585592527047
0.0585262432484
0.0584932739549
0.0584603447488
0.058427455555
0.0583946062985
0.0583617969045
0.0583290272984
0.0582962974058
0.0582636071526
0.0582309564646
0.058198345268
0.0581657734892
0.0581332410546
0.0581007478911
0.0580682939255
0.0580358790849
0.0580035032966
0.0579711664879
0.0579388685866
0.0579066095205
0.0578743892175
0.0578422076059
0.0578100646139
0.0577779601701
0.0577458942033
0.0577138666423
0.0576818774162
0.0576499264542
0.0576180136858
0.0575861390406
0.0575543024483
0.0575225038389
0.0574907431425
0.0574590202894
0.0574273352101
0.0573956878353
0.0573640780957
0.0573325059223
0.0573009712463
0.0572694739991
0.057238014112
0.0572065915169
0.0571752061455
0.0571438579299
0.0571125468021
0.0570812726947
0.05705003554
0.0570188352707
0.0569876718197
0.0569565451201
0.0569254551049
0.0568944017075
0.0568633848614
0.0568324045003
0.056801460558
0.0567705529685
0.0567396816659
0.0567088465846
0.056678047659
0.0566472848238
0.0566165580137
0.0565858671637
0.0565552122089
0.0565245930847
0.0564940097263
0.0564634620694
0.0564329500498
0.0564024736033
0.056372032666
0.0563416271742
0.056311257064
0.0562809222722
0.0562506227353
0.0562203583903
0.056190129174
0.0561599350236
0.0561297758763
0.0560996516698
0.0560695623414
0.0560395078289
0.0560094880703
0.0559795030036
0.055949552567
0.0559196366987
0.0558897553374
0.0558599084216
0.05583009589
0.0558003176817
0.0557705737358
0.0557408639913
0.0557111883877
0.0556815468646
0.0556519393615
0.0556223658183
0.0555928261749
0.0555633203714
0.0555338483481
0.0555044100452
0.0554750054034
0.0554456343633
0.0554162968657
0.0553869928515
0.0553577222619
0.055328485038
0.0552992811211
0.0552701104529
0.055240972975
0.0552118686291
0.0551827973571
0.0551537591011
0.0551247538034
0.0550957814061
0.0550668418519
0.0550379350832
0.0550090610429
0.0549802196738
0.0549514109189
0.0549226347214
0.0548938910245
0.0548651797716
0.0548365009063
0.0548078543724
0.0547792401134
0.0547506580735
0.0547221081967
0.0546935904272
0.0546651047093
0.0546366509875
0.0546082292064
0.0545798393108
0.0545514812453
0.0545231549552
0.0544948603854
0.0544665974812
0.054438366188
0.0544101664513
0.0543819982166
0.0543538614298
0.0543257560368
0.0542976819834
0.0542696392159
0.0542416276805
0.0542136473236
0.0541856980917
0.0541577799314
0.0541298927894
0.0541020366127
0.0540742113482
0.0540464169431
0.0540186533445
0.0539909204999
0.0539632183568
0.0539355468627
0.0539079059654
0.0538802956127
0.0538527157526
0.0538251663331
0.0537976473026
0.0537701586093
0.0537427002016
0.0537152720282
0.0536878740376
0.0536605061788
0.0536331684006
0.0536058606521
0.0535785828823
0.0535513350407
0.0535241170765
0.0534969289393
0.0534697705786
0.0534426419443
0.0534155429861
0.053388473654
0.0533614338981
0.0533344236686
0.0533074429158
0.05328049159
0.0532535696419
0.053226677022
0.0531998136812
0.0531729795702
0.05314617464
0.0531193988418
0.0530926521267
0.053065934446
0.0530392457512
0.0530125859938
0.0529859551254
0.0529593530977
0.0529327798627
0.0529062353722
0.0528797195785
0.0528532324335
0.0528267738897
0.0528003438994
0.0527739424151
0.0527475693895
0.0527212247752
0.052694908525
0.052668620592
0.0526423609291
0.0526161294895
0.0525899262265
0.0525637510932
0.0525376040434
0.0525114850303
0.0524853940079
0.0524593309297
0.0524332957498
0.0524072884219
0.0523813089003
0.0523553571391
0.0523294330926
0.0523035367151
0.0522776679612
0.0522518267854
0.0522260131424
0.052200226987
0.0521744682741
0.0521487369587
0.0521230329958
0.0520973563407
0.0520717069485
0.0520460847748
0.052020489775
0.0519949219046
0.0519693811194
0.0519438673751
0.0519183806276
0.0518929208329
0.051867487947
0.0518420819262
0.0518167027265
0.0517913503046
0.0517660246167
0.0588524583624
0.0588235292198
0.0587946306578
0.0587657626265
0.0587369250764
0.0587081179579
0.0586793412216
0.058650594818
0.058621878698
0.0585931928123
0.0585645371121
0.0644463820054
0.0698840193139
0.075031648831
0.074994986915
0.0749583634984
0.074921778519
0.0748852319147
0.0748487236235
0.0748122535835
0.0747758217332
0.0747394280109
0.0747030723552
0.0746667547048
0.0746304749985
0.0745942331753
0.0745580291743
0.0745218629348
0.074485734396
0.0793816878199
0.0793432827976
0.0793049177162
0.0792665925116
0.0792283071199
0.0791900614777
0.0791518555212
0.0791136891872
0.0790755624122
0.0790374751333
0.0789994272874
0.0789614188116
0.0789234496433
0.0788855197198
0.0788476289788
0.0788097773578
0.0787719647946
0.0787341912274
0.078696456594
0.0786587608328
0.0786211038821
0.0785834856804
0.0785459061663
0.0785083652784
0.0784708629558
0.0784333991374
0.0783959737624
0.0783585867699
0.0783212380995
0.0782839276906
0.0782466554829
0.0782094214162
0.0781722254303
0.0781350674654
0.0780979474615
0.0780608653591
0.0780238210984
0.0779868146201
0.0779498458648
0.0779129147733
0.0778760212866
0.0778391653457
0.0778023468918
0.0777655658661
0.0777288222101
0.0776921158654
0.0776554467736
0.0776188148764
0.077582220116
0.0775456624342
0.0775091417732
0.0774726580753
0.077436211283
0.0773998013387
0.0773634281851
0.0773270917649
0.0772907920211
0.0772545288967
0.0772183023348
0.0771821122786
0.0771459586715
0.077109841457
0.0770737605787
0.0770377159803
0.0770017076057
0.0769657353988
0.0769297993037
0.0768938992646
0.0768580352257
0.0768222071316
0.0767864149267
0.0767506585558
0.0767149379635
0.0766792530948
0.0766436038947
0.0766079903083
0.0765724122807
0.0765368697575
0.0765013626839
0.0764658910057
0.0764304546684
0.0763950536178
0.0763596878
0.0763243571608
0.0762890616465
0.0762538012032
0.0762185757774
0.0761833853155
0.076148229764
0.0761131090697
0.0760780231793
0.0760429720398
0.0760079555982
0.0759729738015
0.0759380265971
0.0759031139323
0.0758682357544
0.0758333920112
0.0757985826502
0.0757638076193
0.0757290668662
0.075694360339
0.0756596879859
0.0756250497549
0.0755904455944
0.0755558754528
0.0755213392786
0.0754868370205
0.0754523686272
0.0754179340475
0.0753835332303
0.0753491661248
0.07531483268
0.0752805328451
0.0752462665696
0.075212033803
0.0751778344946
0.0751436685943
0.0751095360518
0.0750754368169
0.0750413708397
0.0750073380701
0.0749733384584
0.0749393719549
0.0749054385098
0.0748715380738
0.0748376705972
0.0748038360309
0.0747700343257
0.0747362654322
0.0747025293017
0.074668825885
0.0746351551334
0.0746015169982
0.0745679114307
0.0745343383824
0.0745007978049
0.0744672896497
0.0744338138688
0.0744003704138
0.0743669592368
0.0743335802898
0.074300233525
0.0742669188946
0.074233636351
0.0742003858465
0.0741671673336
0.0741339807652
0.0741008260937
0.0740677032721
0.0740346122532
0.0740015529901
0.0739685254358
0.0739355295436
0.0739025652666
0.0738696325584
0.0738367313722
0.0738038616618
0.0737710233808
0.0737382164828
0.0737054409218
0.0736726966517
0.0736399836264
0.0736073018001
0.073574651127
0.0735420315614
0.0735094430577
0.0734768855703
0.0734443590538
0.0734118634629
0.0733793987522
0.0733469648767
0.0733145617913
0.0732821894509
0.0732498478107
0.0732175368258
0.0731852564516
0.0731530066434
0.0731207873566
0.0730885985468
0.0730564401696
0.0730243121808
0.072992214536
0.0729601471913
0.0729281101026
0.072896103226
0.0728641265176
0.0728321799336
0.0728002634304
0.0727683769643
0.0727365204919
0.0727046939698
0.0726728973545
0.0726411306029
0.0726093936717
0.072577686518
0.0725460090986
0.0725143613707
0.0724827432915
0.0724511548181
0.072419595908
0.0723880665185
0.0723565666071
0.0723250961315
0.0722936550492
0.0722622433181
0.0722308608959
0.0721995077406
0.0721681838102
0.0721368890627
0.0721056234563
0.0720743869493
0.0720431794998
0.0720120010665
0.0719808516076
0.0719497310818
0.0719186394478
0.0718875766641
0.0718565426898
0.0718255374835
0.0717945610043
0.0717636132112
0.0717326940634
0.0717018035199
0.0716709415402
0.0716401080834
0.0716093031092
0.0715785265769
0.0715477784462
0.0715170586767
0.0714863672282
0.0714557040605
0.0714250691334
0.071394462407
0.0713638838413
0.0713333333964
0.0713028110325
0.0712723167099
0.0712418503889
0.07121141203
0.0711810015937
0.0711506190406
0.0711202643313
0.0710899374265
0.071059638287
0.0710293668738
0.0709991231477
0.0709689070699
0.0709387186013
0.0709085577033
0.070878424337
0.0708483184637
0.0708182400449
0.070788189042
0.0707581654165
0.0707281691302
0.0706982001446
0.0706682584215
0.0706383439228
0.0706084566103
0.0705785964461
0.0705487633922
0.0705189574107
0.0704891784639
0.0704594265138
0.070429701523
0.0704000034538
0.0703703322687
0.0703406879302
0.070311070401
0.0702814796437
0.0702519156212
0.0702223782961
0.0701928676315
0.0701633835903
0.0701339261355
0.0701044952302
0.0700750908377
0.0700457129211
0.0700163614438
0.0699870363692
0.0699577376606
0.0699284652817
0.069899219196
0.0698699993672
0.069840805759
0.0698116383352
0.0697824970596
0.0697533818961
0.0697242928089
0.0696952297619
0.0696661927192
0.0696371816451
0.0696081965037
0.0695792372596
0.0695503038769
0.0695213963202
0.0694925145541
0.069463658543
0.0694348282518
0.069406023645
0.0693772446874
0.0693484913441
0.0693197635797
0.0692910613594
0.0692623846482
0.0692337334111
0.0692051076135
0.0691765072204
0.0691479321972
0.0691193825094
0.0690908581222
0.0690623590013
0.0690338851122
0.0690054364204
0.0689770128918
0.068948614492
0.0689202411868
0.0688918929422
0.0688635697241
0.0688352714984
0.0688069982312
0.0687787498888
0.0687505264371
0.0687223278426
0.0686941540715
0.0686660050902
0.0686378808651
0.0686097813627
0.0685817065496
0.0685536563924
0.0685256308578
0.0684976299126
0.0684696535234
0.0684417016572
0.0684137742809
0.0683858713616
0.0683579928661
0.0683301387617
0.0683023090155
0.0682745035948
0.0682467224667
0.0682189655987
0.0681912329581
0.0681635245125
0.0681358402293
0.0681081800761
0.0680805440205
0.0680529320303
0.0680253440732
0.0679977801169
0.0679702401295
0.0679427240788
0.0679152319328
0.0678877636595
0.0678603192271
0.0678328986037
0.0678055017574
0.0677781286567
0.0677507792699
0.0677234535652
0.0676961515112
0.0676688730764
0.0676416182293
0.0676143869386
0.0675871791729
0.0675599949009
0.0675328340914
0.0675056967134
0.0674785827356
0.067451492127
0.0674244248566
0.0673973808936
0.0673703602069
0.0673433627659
0.0673163885396
0.0672894374975
0.0672625096088
0.067235604843
0.0672087231694
0.0671818645577
0.0671550289773
0.0671282163978
0.067101426789
0.0670746601205
0.0670479163622
0.0670211954838
0.0669944974552
0.0669678222464
0.0669411698274
0.0669145401682
0.0668879332388
0.0668613490095
0.0668347874505
0.066808248532
0.0667817322242
0.0667552384977
0.0667287673227
0.0667023186698
0.0666758925094
0.0666494888122
0.0666231075487
0.0665967486897
0.0665704122058
0.0665440980678
0.0665178062466
0.066491536713
0.066465289438
0.0664390643926
0.0664128615477
0.0663866808745
0.0663605223441
0.0663343859277
0.0663082715965
0.0662821793218
0.066256109075
0.0662300608274
0.0662040345505
0.0661780302158
0.0661520477947
0.0661260872589
0.0661001485801
0.0660742317299
0.06604833668
0.0660224634023
0.0659966118686
0.0659707820507
0.071717341333
0.0774589086058
0.0822738316428
0.0822414688393
0.0867028142788
0.0866687461883
0.0866347067455
0.0866006959132
0.0865667136545
0.0865327599325
0.0864988347105
0.0912924627928
0.0955108442405
0.099950431566
0.103994523629
0.108202198363
0.108159956154
0.112062696627
0.112019025745
0.111975391308
0.11193179327
0.111888231584
0.111844706204
0.111801217084
0.111757764176
0.1155368745
0.119218579878
0.119172402975
0.119126264399
0.119080164103
0.119034102037
0.118988078153
0.118942092401
0.118896144734
0.118850235102
0.118804363458
0.12280610183
0.126387416875
0.126338780576
0.126290184404
0.126241628308
0.126193112238
0.126144636142
0.126096199971
0.126047803672
0.125999447197
0.125951130495
0.125902853515
0.125854616207
0.125806418521
0.125758260406
0.125710141814
0.125662062693
0.125614022995
0.125566022669
0.125518061666
0.125470139936
0.12542225743
0.125374414099
0.125326609893
0.125278844762
0.125231118659
0.125183431533
0.125135783336
0.125088174019
0.125040603533
0.12499307183
0.12494557886
0.124898124576
0.124850708928
0.124803331869
0.12475599335
0.124708693322
0.124661431739
0.124614208551
0.124567023711
0.12451987717
0.124472768882
0.124425698798
0.12437866687
0.124331673052
0.124284717295
0.124237799552
0.124190919776
0.12414407792
0.124097273935
0.124050507777
0.124003779396
0.123957088747
0.123910435782
0.123863820455
0.1293795267
0.134890634374
0.139512585102
0.144130731311
0.148411499704
0.148355591403
0.148299728181
0.152573833024
0.156628204062
0.160679280413
0.160618921476
0.160558611076
0.160498349152
0.160438135645
0.160377970495
0.160317853642
0.160257785026
0.160197764588
0.160137792269
0.160077868009
0.160017991749
0.15995816343
0.159898382993
0.159838650379
0.159778965529
0.159719328385
0.159659738888
0.159600196979
0.1595407026
0.159481255693
0.159421856199
0.159362504061
0.15930319922
0.159243941618
0.159184731198
0.159125567901
0.159066451671
0.159007382449
0.158948360179
0.158889384802
0.158830456262
0.158771574501
0.158712739462
0.158653951088
0.158595209323
0.158536514109
0.158477865391
0.15841926311
0.158360707211
0.158302197638
0.158243734333
0.158185317241
0.158126946306
0.158068621471
0.158010342681
0.157952109879
0.157893923011
0.157835782019
0.157777686849
0.157719637446
0.157661633753
0.157603675715
0.157545763278
0.157487896385
0.157430074982
0.157372299015
0.157314568427
0.157256883165
0.157199243173
0.157141648397
0.157084098783
0.157026594276
0.156969134821
0.156911720365
0.156854350853
0.156797026232
0.156739746446
0.156682511443
0.156625321169
0.156568175569
0.156511074591
0.156454018179
0.156397006283
0.156340038846
0.156283115818
0.156226237143
0.15616940277
0.156112612644
0.156055866714
0.155999164926
0.155942507228
0.159719209398
0.16349295985
0.167140252859
0.167079734841
0.167019263737
0.166958839489
0.166898462042
0.166838131341
0.16677784733
0.166717609953
0.166657419154
0.166597274879
0.166537177072
0.166477125678
0.166417120642
0.166357161909
0.166297249423
0.166237383131
0.166177562977
0.166117788907
0.166058060865
0.165998378798
0.165938742652
0.165879152371
0.165819607902
0.16576010919
0.165700656182
0.165641248824
0.165581887061
0.16552257084
0.165463300107
0.165404074808
0.16534489489
0.1652857603
0.165226670984
0.165167626889
0.165108627962
0.165049674149
0.164990765397
0.164931901654
0.164873082867
0.164814308983
0.164755579949
0.164696895712
0.164638256221
0.164579661422
0.164521111264
0.164462605693
0.164404144659
0.164345728108
0.164287355989
0.164229028249
0.164170744837
0.164112505702
0.164054310791
0.163996160052
0.163938053435
0.163879990887
0.163821972358
0.163763997796
0.16370606715
0.163648180368
0.163590337401
0.163532538196
0.163474782702
0.16341707087
0.163359402648
0.163301777985
0.163244196832
0.163186659137
0.16312916485
0.163071713921
0.1630143063
0.162956941935
0.162899620779
0.162842342779
0.162785107886
0.162727916051
0.162670767224
0.162613661354
0.162556598393
0.16249957829
0.162442600996
0.162385666463
0.16232877464
0.162271925478
0.162215118928
0.162158354941
0.162101633468
0.16204495446
0.161988317868
0.161931723644
0.161875171738
0.161818662102
0.161762194688
0.161705769447
0.16164938633
0.161593045289
0.161536746276
0.161480489243
0.161424274142
0.161368100924
0.161311969542
0.161255879948
0.161199832093
0.161143825931
0.161087861413
0.161031938492
0.16097605712
0.160920217251
0.160864418836
0.160808661828
0.16075294618
0.160697271845
0.160641638776
0.160586046926
0.160530496247
0.160474986694
0.160419518218
0.160364090774
0.160308704315
0.160253358794
0.160198054165
0.160142790381
0.160087567396
0.160032385163
0.159977243637
0.159922142771
0.159867082519
0.159812062836
0.159757083674
0.159702144989
0.159647246734
0.159592388865
0.159537571334
0.159482794097
0.159428057107
0.159373360321
0.159318703691
0.159264087174
0.159209510723
0.159154974293
0.15910047784
0.159046021318
0.158991604682
0.158937227888
0.15888289089
0.158828593644
0.158774336105
0.158720118229
0.158665939971
0.158611801286
0.15855770213
0.158503642458
0.158449622227
0.158395641393
0.15834169991
0.158287797735
0.158233934823
0.158180111132
0.158126326617
0.158072581234
0.158018874939
0.157965207689
0.15791157944
0.157857990149
0.157804439771
0.157750928264
0.157697455585
0.157644021689
0.157590626534
0.157537270077
0.157483952274
0.157430673082
0.157377432459
0.157324230361
0.157271066746
0.157217941571
0.157164854793
0.15711180637
0.157058796258
0.157005824416
0.156952890801
0.15689999537
0.156847138081
0.156794318893
0.156741537762
0.156688794646
0.156636089505
0.156583422294
0.156530792973
0.1564782015
0.156425647833
0.156373131929
0.156320653748
0.156268213247
0.156215810386
0.156163445122
0.156111117414
0.156058827221
0.156006574502
0.155954359214
0.155902181318
0.155850040771
0.155797937533
0.155745871562
0.155693842818
0.15564185126
0.155589896846
0.155537979537
0.155486099291
0.155434256068
0.155382449827
0.155330680528
0.15527894813
0.155227252592
0.155175593875
0.155123971938
0.15507238674
0.155020838242
0.154969326404
0.154917851185
0.154866412545
0.154815010445
0.154763644844
0.154712315703
0.154661022981
0.15460976664
0.15455854664
0.154507362941
0.154456215503
0.154405104287
0.154354029253
0.154302990363
0.154251987576
0.154201020854
0.154150090157
0.154099195447
0.154048336684
0.153997513829
0.153946726843
0.153895975688
0.153845260324
0.153794580713
0.153743936815
0.153693328593
0.153642756008
0.15359221902
0.153541717592
0.153491251686
0.153440821262
0.153390426282
0.153340066708
0.153289742503
0.153239453626
0.153189200042
0.153138981711
0.153088798596
0.153038650658
0.152988537859
0.152938460163
0.15288841753
0.152838409924
0.152788437307
0.15273849964
0.152688596887
0.15263872901
0.152588895971
0.152539097734
0.15248933426
0.152439605512
0.152389911454
0.152340252048
0.152290627256
0.152241037042
0.152191481369
0.1521419602
0.152092473498
0.152043021226
0.151993603347
0.151944219824
0.151894870621
0.151845555701
0.151796275027
0.151747028564
0.151697816274
0.151648638121
0.151599494068
0.15155038408
0.151501308119
0.151452266151
0.151403258138
0.151354284044
0.151305343834
0.151256437471
0.15120756492
0.151158726143
0.151109921107
0.151061149774
0.151012412109
0.150963708076
0.15091503764
0.150866400765
0.150817797416
0.150769227556
0.150720691151
0.150672188165
0.150623718562
0.150575282308
0.150526879367
0.150478509703
0.150430173283
0.15038187007
0.15033360003
0.150285363127
0.150237159327
0.150188988595
0.150140850895
0.150092746193
0.150044674455
0.149996635645
0.149948629729
0.149900656673
0.149852716441
0.149804808999
0.149756934314
0.149709092349
0.149661283071
0.149613506446
0.14956576244
0.149518051017
0.149470372145
0.149422725788
0.149375111913
0.149327530486
0.149279981473
0.14923246484
0.149184980552
0.149137528577
0.14909010888
0.149042721427
0.148995366186
0.148948043121
0.148900752201
0.14885349339
0.148806266656
0.148759071966
0.148711909285
0.14866477858
0.148617679818
0.148570612967
0.148523577992
0.14847657486
0.148429603538
0.148382663994
0.148335756194
0.148288880105
0.148242035694
0.148195222929
0.148148441776
0.148101692203
0.148054974176
0.148008287664
0.147961632634
0.147915009052
0.147868416887
0.147821856106
0.147775326675
0.147728828564
0.14768236174
0.147635926169
0.147589521821
0.147543148661
0.14749680666
0.147450495783
0.147404216
0.147357967278
0.147311749585
0.147265562888
0.147219407157
0.147173282359
0.147127188462
0.147081125435
0.147035093245
0.146989091862
0.146943121253
0.146897181386
0.146851272231
0.146805393755
0.146759545927
0.146713728716
0.146667942089
0.146622186017
0.146576460467
0.146530765409
0.14648510081
0.14643946664
0.146393862868
0.146348289462
0.146302746392
0.146257233625
0.146211751133
0.146166298883
0.146120876844
0.146075484986
0.146030123278
0.145984791689
0.145939490188
0.145894218746
0.14584897733
0.14580376591
0.145758584457
0.145713432939
0.145668311326
0.145623219587
0.145578157693
0.145533125612
0.145488123314
0.14544315077
0.145398207949
0.14535329482
0.145308411354
0.14526355752
0.145218733289
0.145173938631
0.145129173514
0.145084437911
0.14503973179
0.144995055121
0.144950407876
0.144905790024
0.144861201535
0.14481664238
0.144772112529
0.144727611952
0.144683140621
0.144638698505
0.144594285574
0.1445499018
0.144505547154
0.144461221604
0.144416925124
0.144372657682
0.14432841925
0.144284209798
0.144240029298
0.144195877721
0.144151755036
0.144107661216
0.144063596231
0.144019560051
0.14397555265
0.143931573996
0.143887624062
0.143843702819
0.143799810237
0.143755946289
0.143712110945
0.143668304176
0.143624525955
0.143580776253
0.14353705504
0.14349336229
0.143449697972
0.143406062058
0.143362454521
0.143318875332
0.143275324463
0.143231801885
0.143188307569
0.143144841489
0.143101403615
0.14305799392
0.143014612376
0.142971258954
0.142927933626
0.142884636365
0.142841367142
0.14279812593
0.142754912701
0.142711727426
0.142668570079
0.142625440631
0.142582339055
0.142539265323
0.142496219408
0.142453201281
0.142410210915
0.142367248283
0.142324313357
0.14228140611
0.142238526515
0.142195674543
0.142152850168
0.142110053362
0.142067284099
0.14202454235
0.141981828089
0.141939141288
0.14189648192
0.141853849959
0.141811245377
0.141768668147
0.141726118243
0.141683595637
0.141641100302
0.141598632211
0.141556191338
0.141513777656
0.141471391138
0.141429031758
0.141386699488
0.141344394302
0.141302116174
0.141259865076
0.141217640982
0.141175443867
0.141133273702
0.141091130463
0.141049014121
0.141006924652
0.140964862028
0.140922826224
0.140880817213
0.140838834968
0.140796879465
0.140754950675
0.140713048575
0.140671173136
0.140629324333
0.140587502141
0.140545706533
0.140503937483
0.140462194965
0.140420478954
0.140378789423
0.140337126347
0.1402954897
0.140253879456
0.140212295589
0.140170738074
0.140129206885
0.140087701997
0.140046223383
0.140004771019
0.139963344879
0.139921944937
0.139880571167
0.139839223545
0.139797902046
0.139756606642
0.139715337311
0.139674094025
0.13963287676
0.139591685491
0.139550520192
0.139509380838
0.139468267405
0.139427179866
0.139386118198
0.139345082375
0.139304072371
0.139263088163
0.139222129724
0.139181197031
0.139140290058
0.139099408781
0.139058553174
0.139017723213
0.138976918874
0.138936140131
0.141905687927
0.14186410146
0.141822541044
0.141781006654
0.141739498264
0.14169801585
0.141656559387
0.141615128849
0.141573724213
0.141532345452
0.141490992542
0.141449665459
0.141408364178
0.141367088673
0.14440630244
0.144364199004
0.14432212181
0.144280070835
0.144238046052
0.144196047436
0.144154074963
0.144112128608
0.144070208346
0.144028314151
0.143986445999
0.143944603865
0.143902787724
0.143860997551
0.143819233322
0.143777495012
0.143735782596
0.143694096049
0.143652435346
0.143610800464
0.143569191377
0.143527608062
0.143486050492
0.143444518645
0.143403012495
0.143361532018
0.14332007719
0.143278647986
0.143237244382
0.143195866354
0.143154513877
0.143113186927
0.14307188548
0.143030609512
0.142989358998
0.142948133915
0.142906934239
0.142865759944
0.142824611008
0.142783487406
0.142742389115
0.14270131611
0.142660268367
0.142619245863
0.142578248574
0.142537276476
0.142496329545
0.142455407757
0.142414511089
0.142373639518
0.142332793018
0.142291971567
0.142251175142
0.142210403718
0.142169657272
0.142128935781
0.14208823922
0.142047567567
0.142006920799
0.141966298891
0.14192570182
0.141885129564
0.141844582098
0.1418040594
0.141763561447
0.141723088214
0.141682639679
0.141642215819
0.14160181661
0.14156144203
0.141521092055
0.141480766663
0.14144046583
0.141400189533
0.14135993775
0.141319710458
0.141279507633
0.141239329253
0.141199175294
0.141159045735
0.141118940552
0.141078859723
0.141038803225
0.140998771035
0.14095876313
0.140918779488
0.140878820087
0.140838884903
0.140798973914
0.140759087098
0.140719224433
0.140679385895
0.140639571462
0.140599781111
0.140560014822
0.14052027257
0.140480554335
0.140440860092
0.140401189821
0.140361543499
0.140321921104
0.140282322613
0.140242748005
0.140203197257
0.140163670347
0.140124167253
0.140084687953
0.140045232426
0.140005800648
0.139966392599
0.139927008255
0.139887647596
0.139848310599
0.139808997243
0.139769707506
0.139730441365
0.1396911988
0.139651979788
0.139612784307
0.139573612337
0.139534463855
0.139495338839
0.139456237269
0.139417159122
0.139378104376
0.139339073012
0.139300065006
0.139261080337
0.139222118985
0.139183180927
0.139144266142
0.139105374609
0.139066506307
0.139027661213
0.138988839307
0.138950040568
0.138911264974
0.138872512505
0.138833783138
0.138795076853
0.138756393628
0.138717733443
0.138679096277
0.138640482108
0.138601890915
0.138563322677
0.138524777374
0.138486254985
0.138447755488
0.138409278862
0.138370825087
0.138332394142
0.138293986006
0.138255600659
0.138217238079
0.138178898245
0.138140581138
0.138102286736
0.138064015018
0.138025765965
0.137987539555
0.137949335767
0.137911154582
0.137872995979
0.137834859937
0.137796746436
0.137758655454
0.137720586973
0.137682540971
0.137644517428
0.137606516323
0.137568537637
0.137530581348
0.137492647438
0.137454735884
0.137416846668
0.137378979769
0.137341135166
0.13730331284
0.13726551277
0.137227734937
0.13718997932
0.137152245899
0.137114534654
0.137076845565
0.137039178613
0.137001533776
0.136963911035
0.136926310371
0.136888731763
0.136851175191
0.136813640636
0.136776128078
0.136738637497
0.136701168873
0.136663722186
0.136626297417
0.136588894546
0.136551513554
0.13651415442
0.136476817125
0.136439501649
0.136402207974
0.136364936078
0.136327685943
0.13629045755
0.136253250878
0.136216065908
0.136178902621
0.136141760998
0.136104641018
0.136067542664
0.136030465914
0.13599341075
0.135956377153
0.135919365103
0.135882374581
0.135845405568
0.135808458045
0.135771531992
0.13573462739
0.135697744221
0.135660882464
0.135624042102
0.135587223114
0.135550425482
0.135513649187
0.135476894209
0.13544016053
0.135403448131
0.135366756993
0.135330087097
0.135293438424
0.135256810955
0.135220204672
0.135183619555
0.135147055585
0.135110512745
0.135073991015
0.135037490376
0.13500101081
0.134964552298
0.134928114822
0.134891698362
0.134855302901
0.134818928418
0.134782574897
0.134746242319
0.134709930664
0.134673639914
0.134637370052
0.134601121057
0.134564892913
0.134528685601
0.134492499101
0.134456333396
0.134420188468
0.134384064297
0.134347960867
0.134311878158
0.134275816152
0.134239774831
0.134203754177
0.134167754171
0.134131774795
0.134095816032
0.134059877863
0.13402396027
0.133988063234
0.133952186739
0.133916330765
0.133880495294
0.13384468031
0.133808885793
0.133773111726
0.13373735809
0.133701624868
0.133665912043
0.133630219595
0.133594547508
0.133558895762
0.133523264342
0.133487653228
0.133452062403
0.133416491849
0.133380941549
0.133345411484
0.133309901638
0.133274411992
0.133238942528
0.13320349323
0.133168064079
0.133132655058
0.13309726615
0.133061897336
0.1330265486
0.132991219923
0.132955911288
0.132920622679
0.132885354076
0.132850105464
0.132814876824
0.132779668139
0.132744479392
0.132709310566
0.132674161642
0.132639032605
0.132603923436
0.132568834118
0.132533764635
0.132498714968
0.1324636851
0.132428675016
0.132393684696
0.132358714125
0.132323763284
0.132288832158
0.132253920728
0.132219028978
0.132184156891
0.13214930445
0.132114471637
0.132079658436
0.13204486483
0.132010090801
0.131975336334
0.131940601411
0.131905886014
0.131871190128
0.131836513736
0.13180185682
0.131767219363
0.13173260135
0.131698002763
0.131663423586
0.131628863801
0.131594323393
0.131559802344
0.131525300637
0.131490818257
0.131456355186
0.131421911408
0.131387486906
0.131353081664
0.131318695665
0.131284328893
0.131249981331
0.131215652962
0.13118134377
0.13114705374
0.131112782853
0.131078531094
0.131044298447
0.131010084895
0.130975890421
0.13094171501
0.130907558644
0.130873421309
0.130839302987
0.130805203662
0.130771123317
0.130737061938
0.130703019507
0.130668996009
0.130634991426
0.130601005744
0.130567038945
0.130533091014
0.130499161935
0.130465251691
0.130431360266
0.130397487645
0.130363633812
0.13032979875
0.130295982443
0.130262184876
0.130228406032
0.130194645896
0.130160904452
0.130127181683
0.130093477574
0.130059792109
0.130026125273
0.129992477048
0.129958847421
0.129925236374
0.129891643892
0.129858069959
0.12982451456
0.129790977678
0.129757459299
0.129723959406
0.129690477984
0.129657015017
0.12962357049
0.129590144387
0.129556736691
0.129523347389
0.129489976464
0.1294566239
0.129423289683
0.129389973796
0.129356676224
0.129323396952
0.129290135965
0.129256893246
0.12922366878
0.13181829355
0.134473357605
0.137011049013
0.139601405745
0.142088298699
0.14462182694
0.147062828939
0.149545652326
0.151944779853
0.154381796891
0.156742398958
0.156702508566
0.1566626399
0.156622792943
0.156582967676
0.15654316408
0.156503382139
0.156463621833
0.156423883144
0.156384166055
0.156344470548
0.156304796604
0.156265144205
0.156225513334
0.156185903973
0.156146316103
0.156106749706
0.156067204766
0.156027681263
0.15598817918
0.155948698499
0.155909239203
0.155869801273
0.155830384691
0.155790989441
0.155751615504
0.155712262862
0.155672931499
0.155633621395
0.155594332533
0.155555064897
0.155515818467
0.155476593228
0.15543738916
0.155398206246
0.15535904447
0.155319903812
0.155280784257
0.155241685786
0.155202608381
0.155163552027
0.155124516704
0.155085502395
0.155046509084
0.155007536753
0.154968585384
0.154929654961
0.154890745465
0.15485185688
0.154812989188
0.154774142372
0.154735316414
0.154696511299
0.154657727008
0.154618963523
0.154580220829
0.154541498908
0.154502797743
0.154464117316
0.154425457611
0.15438681861
0.154348200297
0.154309602655
0.154271025665
0.154232469313
0.154193933579
0.154155418449
0.154116923904
0.154078449927
0.154039996503
0.154001563613
0.153963151242
0.153924759371
0.153886387985
0.153848037067
0.1538097066
0.153771396566
0.15373310695
0.153694837735
0.153656588904
0.15361836044
0.153580152326
0.153541964546
0.153503797084
0.153465649922
0.153427523044
0.153389416434
0.153351330074
0.153313263949
0.153275218042
0.153237192336
0.153199186815
0.153161201463
0.153123236262
0.153085291197
0.153047366251
0.153009461408
0.152971576651
0.155245386051
0.157585066481
0.159826586676
0.16212896948
0.162088981466
0.162049014572
0.164259281851
0.166526067906
0.168707911227
0.170942524653
0.173097530032
0.173055052382
0.173012597074
0.172970164092
0.172927753417
0.17288536503
0.172842998915
0.172800655052
0.172758333425
0.172716034014
0.172673756803
0.172631501772
0.172589268905
0.172547058183
0.172504869589
0.172462703104
0.172420558711
0.172378436392
0.172336336129
0.172294257905
0.172252201702
0.172210167501
0.172168155286
0.172126165038
0.172084196741
0.172042250375
0.172000325925
0.171958423371
0.171916542697
0.171874683885
0.171832846917
0.171791031776
0.171749238444
0.171707466904
0.171665717138
0.17162398913
0.17158228286
0.171540598313
0.17149893547
0.171457294315
0.171415674829
0.171374076996
0.171332500798
0.171290946218
0.171249413239
0.171207901843
0.171166412013
0.171124943732
0.171083496982
0.171042071747
0.17100066801
0.170959285752
0.170917924957
0.170876585608
0.170835267688
0.17079397118
0.170752696066
0.17071144233
0.170670209954
0.170628998922
0.170587809216
0.17054664082
0.170505493716
0.170464367889
0.170423263319
0.170382179992
0.17034111789
0.170300076995
0.170259057292
0.170218058764
0.170177081392
0.170136125162
0.170095190056
0.170054276057
0.170013383149
0.169972511314
0.169931660537
0.1698908308
0.169850022086
0.16980923438
0.169768467664
0.169727721923
0.169686997138
0.169646293294
0.169605610374
0.169564948362
0.169524307241
0.169483686995
0.169443087606
0.169402509059
0.169361951338
0.169321414425
0.169280898304
0.169240402959
0.169199928374
0.169159474532
0.169119041416
0.169078629011
0.169038237301
0.168997866268
0.168957515896
0.16891718617
0.168876877073
0.168836588589
0.168796320701
0.168756073394
0.168715846651
0.168675640456
0.168635454793
0.168595289646
0.168555144999
0.168515020835
0.168474917138
0.168434833894
0.168394771084
0.168354728694
0.168314706708
0.168274705109
0.168234723881
0.168194763009
0.168154822476
0.168114902267
0.168075002366
0.168035122757
0.167995263424
0.16795542435
0.167915605521
0.167875806921
0.167836028533
0.167796270342
0.167756532332
0.167716814488
0.167677116793
0.167637439232
0.167597781789
0.167558144449
0.167518527195
0.167478930013
0.167439352886
0.167399795799
0.167360258737
0.167320741683
0.167281244622
0.167241767539
0.167202310418
0.167162873243
0.167123456
0.167084058672
0.167044681244
0.167005323701
0.166965986026
0.166926668206
0.166887370224
0.166848092065
0.166808833713
0.166769595153
0.166730376371
0.16669117735
0.166651998075
0.166612838531
0.166573698702
0.166534578574
0.166495478131
0.166456397358
0.16641733624
0.166378294761
0.166339272906
0.16630027066
0.166261288009
0.166222324936
0.166183381427
0.166144457466
0.166105553039
0.16606666813
0.166027802725
0.165988956808
0.165950130364
0.165911323379
0.165872535837
0.165833767723
0.165795019022
0.16575628972
0.165717579801
0.165678889251
0.165640218054
0.165601566196
0.165562933662
0.165524320437
0.165485726507
0.165447151855
0.165408596468
0.165370060331
0.165331543429
0.165293045746
0.16525456727
0.165216107984
0.165177667874
0.165139246925
0.165100845123
0.165062462453
0.1650240989
0.16498575445
0.164947429087
0.164909122798
0.164870835568
0.164832567382
0.164794318226
0.164756088085
0.164717876944
0.164679684789
0.164641511606
0.16460335738
0.164565222097
0.164527105741
0.164489008299
0.164450929757
0.164412870099
0.164374829311
0.16433680738
0.16429880429
0.164260820027
0.164222854578
0.164184907927
0.16414698006
0.164109070963
0.164071180622
0.164033309022
0.16399545615
0.16395762199
0.163919806529
0.163882009753
0.163844231647
0.163806472197
0.163768731389
0.163731009209
0.163693305642
0.163655620675
0.163617954294
0.163580306484
0.163542677231
0.163505066521
0.16346747434
0.163429900674
0.16339234551
0.163354808832
0.163317290628
0.163279790883
0.163242309583
0.163204846714
0.163167402262
0.163129976213
0.163092568554
0.163055179271
0.163017808349
0.162980455775
0.162943121534
0.162905805614
0.162868508
0.162831228679
0.162793967636
0.162756724858
0.162719500331
0.162682294041
0.162645105975
0.162607936119
0.162570784459
0.162533650982
0.162496535673
0.16245943852
0.162422359507
0.162385298623
0.162348255853
0.162311231183
0.162274224601
0.162237236092
0.162200265642
0.162163313239
0.162126378869
0.162089462517
0.162052564172
0.162015683818
0.161978821444
0.161941977034
0.161905150576
0.161868342056
0.161831551462
0.161794778778
0.161758023993
0.161721287092
0.161684568063
0.161647866891
0.161611183564
0.161574518068
0.161537870389
0.161501240516
0.161464628433
0.161428034129
0.161391457589
0.1613548988
0.16131835775
0.161281834425
0.161245328811
0.161208840896
0.161172370666
0.161135918108
0.161099483209
0.161063065956
0.161026666336
0.160990284335
0.16095391994
0.160917573139
0.160881243918
0.160844932264
0.160808638164
0.160772361606
0.160736102575
0.160699861059
0.160663637045
0.160627430521
0.160591241472
0.160555069886
0.16051891575
0.160482779051
0.160446659777
0.160410557914
0.160374473449
0.160338406369
0.160302356663
0.160266324315
0.160230309315
0.160194311649
0.160158331304
0.160122368267
0.160086422526
0.160050494068
0.16001458288
0.159978688949
0.159942812262
0.159906952807
0.159871110571
0.159835285542
0.159799477706
0.159763687051
0.159727913564
0.159692157233
0.159656418045
0.159620695987
0.159584991047
0.159549303212
0.159513632469
0.159477978807
0.159442342211
0.15940672267
0.159371120172
0.159335534703
0.159299966251
0.159264414804
0.159228880349
0.159193362873
0.159157862365
0.159122378811
0.1590869122
0.159051462518
0.159016029754
0.158980613895
0.158945214928
0.158909832841
0.158874467623
0.158839119259
0.158803787739
0.158768473049
0.158733175178
0.158697894113
0.158662629842
0.158627382352
0.158592151632
0.158556937668
0.158521740449
0.158486559963
0.158451396196
0.158416249138
0.158381118776
0.158346005097
0.158310908089
0.158275827741
0.15824076404
0.158205716974
0.158170686531
0.158135672698
0.158100675464
0.158065694816
0.158030730743
0.157995783232
0.157960852272
0.157925937849
0.157891039953
0.157856158571
0.157821293691
0.157786445301
0.157751613389
0.157716797943
0.157681998952
0.157647216403
0.157612450284
0.157577700583
0.157542967289
0.157508250389
0.157473549872
0.157438865726
0.157404197938
0.157369546498
0.157334911392
0.15730029261
0.157265690139
0.157231103968
0.157196534085
0.157161980478
0.157127443135
0.157092922045
0.157058417195
0.157023928575
0.156989456171
0.156954999974
0.15692055997
0.156886136148
0.156851728496
0.156817337003
0.156782961658
0.156748602448
0.156714259361
0.156679932387
0.156645621513
0.156611326728
0.156577048021
0.156542785379
0.156508538791
0.156474308246
0.156440093732
0.156405895237
0.156371712751
0.15633754626
0.156303395755
0.156269261223
0.156235142653
0.156201040034
0.156166953353
0.1561328826
0.156098827763
0.156064788831
0.156030765792
0.155996758635
0.155962767348
0.155928791921
0.155894832341
0.155860888597
0.155826960679
0.155793048573
0.155759152271
0.155725271759
0.155691407027
0.155657558063
0.155623724856
0.155589907395
0.155556105668
0.155522319665
0.155488549374
0.155454794783
0.155421055883
0.15538733266
0.155353625105
0.155319933205
0.155286256951
0.155252596329
0.155218951331
0.155185321943
0.155151708156
0.155118109958
0.155084527338
0.155050960285
0.155017408787
0.154983872834
0.154950352414
0.154916847517
0.154883358132
0.154849884247
0.154816425851
0.154782982934
0.154749555484
0.15471614349
0.154682746942
0.154649365828
0.154616000137
0.154582649859
0.154549314983
0.154515995497
0.154482691391
0.154449402653
0.154416129273
0.154382871241
0.154349628544
0.154316401173
0.154283189115
0.154249992362
0.154216810901
0.154183644721
0.154150493813
0.154117358165
0.154084237767
0.154051132606
0.154018042674
0.153984967959
0.15395190845
0.153918864137
0.153885835008
0.153852821053
0.153819822262
0.153786838624
0.153753870127
0.153720916762
0.153687978517
0.153655055382
0.153622147346
0.153589254399
0.15355637653
0.153523513729
0.153490665984
0.153457833285
0.153425015622
0.153392212983
0.153359425359
0.153326652739
0.153293895112
0.153261152468
0.153228424796
0.153195712085
0.153163014326
0.153130331507
0.153097663619
0.15306501065
0.15303237259
0.152999749429
0.152967141157
0.152934547762
0.152901969234
0.152869405563
0.152836856739
0.152804322751
0.152771803589
0.152739299242
0.1527068097
0.152674334952
0.152641874989
0.152609429799
0.152576999374
0.152544583701
0.152512182771
0.152479796574
0.152447425099
0.152415068337
0.152382726276
0.152350398906
0.152318086217
0.1522857882
0.152253504843
0.152221236137
0.152188982071
0.152156742635
0.152124517818
0.152092307612
0.152060112005
0.152027930987
0.151995764548
0.151963612679
0.151931475368
0.151899352606
0.151867244382
0.151835150687
0.15180307151
0.151771006842
0.151738956671
0.151706920989
0.151674899784
0.151642893048
0.15161090077
0.151578922939
0.151546959546
0.151515010582
0.151483076034
0.151451155895
0.151419250154
0.1513873588
0.151355481824
0.151323619216
0.151291770966
0.151259937064
0.1512281175
0.151196312264
0.151164521347
0.151132744737
0.151100982426
0.151069234404
0.15103750066
0.151005781185
0.150974075968
0.150942385001
0.150910708273
0.150879045774
0.150847397495
0.150815763426
0.150784143556
0.150752537877
0.150720946377
0.150689369049
0.150657805881
0.150626256864
0.150594721988
0.150563201244
0.150531694622
0.150500202111
0.150468723703
0.150437259388
0.150405809155
0.150374372996
0.1503429509
0.150311542858
0.150280148861
0.150248768898
0.150217402959
0.150186051036
0.150154713119
0.150123389198
0.150092079263
0.150060783305
0.150029501314
0.149998233281
0.149966979196
0.149935739049
0.149904512831
0.149873300533
0.149842102145
0.149810917656
0.149779747059
0.149748590343
0.149717447499
0.149686318517
0.149655203388
0.149624102102
0.14959301465
0.149561941023
0.14953088121
0.149499835203
0.149468802992
0.149437784568
0.149406779921
0.149375789042
0.149344811921
0.14931384855
0.149282898918
0.149251963016
0.149221040835
0.149190132366
0.149159237599
0.149128356525
0.149097489134
0.149066635418
0.149035795367
0.149004968971
0.148974156222
0.148943357109
0.148912571625
0.148881799759
0.148851041502
0.148820296845
0.148789565779
0.148758848295
0.148728144382
0.148697454033
0.148666777238
0.148636113987
0.148605464272
0.148574828083
0.148544205411
0.148513596247
0.148483000582
0.148452418406
0.148421849711
0.148391294487
0.148360752726
0.148330224417
0.148299709553
0.148269208123
0.148238720119
0.148208245532
0.148177784353
0.148147336572
0.148116902181
0.14808648117
0.14805607353
0.148025679253
0.147995298329
0.14796493075
0.147934576506
0.147904235588
0.147873907988
0.147843593695
0.147813292703
0.147783005
0.147752730579
0.147722469431
0.147692221546
0.147661986916
0.147631765531
0.147601557383
0.147571362463
0.147541180762
0.147511012271
0.147480856981
0.147450714884
0.147420585969
0.14739047023
0.147360367656
0.147330278239
0.147300201969
0.147270138839
0.14724008884
0.147210051962
0.147180028196
0.147150017535
0.147120019968
0.147090035488
0.147060064086
0.147030105752
0.147000160479
0.146970228256
0.146940309077
0.146910402931
0.14688050981
0.146850629705
0.146820762609
0.146790908511
0.146761067403
0.146731239277
0.146701424124
0.146671621935
0.146641832701
0.146612056415
0.146582293067
0.146552542648
0.14652280515
0.146493080565
0.146463368883
0.146433670096
0.146403984196
0.146374311174
0.146344651021
0.146315003729
0.146285369289
0.146255747693
0.146226138932
0.146196542997
0.14616695988
0.146137389572
0.146107832066
0.146078287352
0.146048755422
0.146019236267
0.145989729879
0.145960236249
0.145930755369
0.145901287231
0.145871831826
0.145842389145
0.14581295918
0.145783541923
0.145754137365
0.145724745498
0.145695366313
0.145665999803
0.145636645957
0.145607304769
0.14557797623
0.14554866033
0.145519357063
0.14549006642
0.145460788392
0.14543152297
0.145402270147
0.145373029915
0.145343802264
0.145314587187
0.145285384675
0.145256194721
0.145227017314
0.145197852449
0.145168700115
0.145139560305
0.145110433011
0.145081318223
0.145052215935
0.145023126138
0.144994048823
0.144964983983
0.144935931608
0.144906891692
0.144877864225
0.144848849199
0.144819846607
0.14479085644
0.144761878689
0.144732913348
0.144703960406
0.144675019858
0.144646091693
0.144617175905
0.144588272484
0.144559381423
0.144530502714
0.144501636349
0.144472782319
0.144443940616
0.144415111232
0.14438629416
0.144357489391
0.144328696916
0.144299916729
0.144271148821
0.144242393183
0.144213649808
0.144184918688
0.144156199815
0.14412749318
0.144098798776
0.144070116595
0.144041446628
0.144012788868
0.143984143307
0.143955509936
0.143926888748
0.143898279735
0.143869682889
0.143841098201
0.143812525665
0.143783965271
0.143755417013
0.143726880881
0.143698356869
0.143669844968
0.14364134517
0.143612857468
0.143584381853
0.143555918318
0.143527466855
0.143499027456
0.143470600113
0.143442184818
0.143413781564
0.143385390342
0.143357011144
0.143328643964
0.143300288793
0.143271945623
0.143243614446
0.143215295255
0.143186988042
0.143158692799
0.143130409518
0.143102138192
0.143073878813
0.143045631372
0.143017395863
0.142989172277
0.142960960607
0.142932760845
0.142904572983
0.142876397014
0.142848232929
0.142820080722
0.142791940384
0.142763811908
0.142735695286
0.142707590511
0.142679497574
0.142651416468
0.142623347186
0.142595289719
0.142567244061
0.142539210203
0.142511188137
0.142483177857
0.142455179355
0.142427192623
0.142399217653
0.142371254437
0.142343302969
0.142315363241
0.142287435244
0.142259518972
0.142231614417
0.142203721571
0.142175840427
0.142147970977
0.142120113214
0.14209226713
0.142064432718
0.14203660997
0.142008798878
0.141980999435
0.141953211635
0.141925435468
0.141897670928
0.141869918006
0.141842176697
0.141814446992
0.141786728883
0.141759022364
0.141731327427
0.141703644064
0.141675972268
0.141648312031
0.141620663347
0.141593026207
0.141565400605
0.141537786532
0.141510183982
0.141482592947
0.14145501342
0.141427445393
0.141399888859
0.141372343811
0.141344810241
0.141317288142
0.141289777506
0.141262278327
0.141234790596
0.141207314307
0.141179849452
0.141152396025
0.141124954016
0.14109752342
0.141070104229
0.141042696436
0.141015300034
0.140987915014
0.14096054137
0.140933179095
0.140905828182
0.140878488622
0.14085116041
0.140823843537
0.140796537996
0.140769243781
0.140741960883
0.140714689297
0.140687429013
0.140660180027
0.140632942329
0.140605715914
0.140578500773
0.140551296899
0.140524104287
0.140496922927
0.140469752814
0.140442593939
0.140415446297
0.140388309879
0.140361184679
0.140334070689
0.140306967902
0.140279876312
0.14025279591
0.140225726691
0.140198668646
0.14017162177
0.140144586054
0.140117561491
0.140090548076
0.140063545799
0.140036554656
0.140009574637
0.139982605737
0.139955647948
0.139928701263
0.139901765676
0.139874841179
0.139847927765
0.139821025427
0.139794134158
0.139767253952
0.139740384801
0.139713526697
0.139686679635
0.139659843608
0.139633018607
0.139606204627
0.13957940166
0.1395526097
0.139525828739
0.13949905877
0.139472299787
0.139445551783
0.13941881475
0.139392088683
0.139365373573
0.139338669414
0.139311976199
0.139285293921
0.139258622574
0.13923196215
0.139205312642
0.139178674045
0.13915204635
0.139125429551
0.139098823641
0.139072228613
0.139045644461
0.139019071177
0.138992508755
0.138965957188
0.13893941647
0.138912886592
0.138886367549
0.138859859333
0.138833361939
0.138806875359
0.138780399585
0.138753934613
0.138727480434
0.138701037042
0.138674604431
0.138648182593
0.138621771522
0.13859537121
0.138568981652
0.138542602841
0.138516234769
0.138489877431
0.138463530819
0.138437194926
0.138410869747
0.138384555273
0.1383582515
0.138331958419
0.138305676024
0.138279404309
0.138253143267
0.138226892891
0.138200653175
0.138174424111
0.138148205694
0.138121997916
0.138095800771
0.138069614253
0.138043438354
0.138017273069
0.13799111839
0.13796497431
0.137938840824
0.137912717925
0.137886605606
0.13786050386
0.137834412682
0.137808332063
0.137782261999
0.137756202481
0.137730153504
0.137704115062
0.137678087147
0.137652069753
0.137626062873
0.137600066501
0.137574080631
0.137548105256
0.137522140369
0.137496185964
0.137470242034
0.137444308573
0.137418385575
0.137392473033
0.13736657094
0.13734067929
0.137314798076
0.137288927292
0.137263066932
0.137237216989
0.137211377457
0.137185548329
0.137159729599
0.13713392126
0.137108123306
0.13708233573
0.137056558527
0.137030791689
0.13700503521
0.136979289084
0.136953553305
0.136927827866
0.13690211276
0.136876407982
0.136850713525
0.136825029382
0.136799355548
0.136773692015
0.136748038778
0.13672239583
0.136696763165
0.136671140776
0.136645528657
0.136619926803
0.136594335205
0.136568753859
0.136543182758
0.136517621895
0.136492071265
0.13646653086
0.136441000675
0.136415480704
0.136389970939
0.136364471376
0.136338982007
0.136313502826
0.136288033828
0.136262575005
0.136237126352
0.136211687862
0.136186259529
0.136160841347
0.136135433309
0.13611003541
0.136084647643
0.136059270002
0.136033902481
0.136008545074
0.135983197773
0.135957860574
0.13593253347
0.135907216455
0.135881909522
0.135856612665
0.135831325879
0.135806049157
0.135780782494
0.135755525881
0.135730279315
0.135705042788
0.135679816294
0.135654599828
0.135629393383
0.135604196953
0.135579010532
0.135553834113
0.135528667691
0.13550351126
0.135478364814
0.135453228345
0.135428101849
0.13540298532
0.13537787875
0.135352782135
0.135327695467
0.135302618742
0.135277551952
