0.0
1.0
1.58496250072
2.0
2.32192809489
2.25162916739
2.52164063634
2.5
2.41938194565
2.37095059445
2.41308843643
2.35538854221
2.41160221797
2.61057724333
2.78989809546
2.72721700146
2.88954943086
2.92745122496
3.07084709362
3.10370169606
3.04638111295
2.98641471152
3.02763274055
3.1513636692
3.1377968116
3.14634848904
3.25835520748
3.23535447809
3.20570006544
3.30968569691
3.31964681158
3.35403017303
3.32279581896
3.41649978498
3.50606176228
3.50165121225
3.58626805722
3.66745760789
3.6941751314
3.77048168461
3.84394575069
3.86713036537
3.89003553584
3.89550562061
3.96268100937
4.02763274055
4.04793472587
4.0523035129
4.05710741723
4.07740581143
4.0730600201
4.06241525872
4.05269569298
4.03846070783
4.09614067909
4.0825838252
4.13837805936
4.19268476368
4.21167387268
4.19474241437
4.19345859376
4.21268012697
4.23166082236
4.28165619731
4.33046006885
4.378121341
4.35978293796
4.40624932776
4.45167635653
4.4675327467
4.47260055021
4.5160721345
4.5208890257
4.53604398831
4.57772143821
4.59223943553
4.60662687937
4.64652665576
4.68565044537
4.69902442087
4.70297121987
4.69012650615
4.69451198103
4.68002820942
4.66396012514
4.6690960752
4.652064618
4.63396651376
4.63431723179
4.67089707714
4.70684912672
4.70691897535
4.68865390328
4.68536973569
4.68231626752
4.67948460643
4.6616443455
4.65642230627
4.69084976444
4.69718552767
4.69219959423
4.67473462321
4.66799409258
4.70134199926
4.73418682468
4.73592729172
4.72745024989
4.75951906876
4.74956858331
4.75159400154
4.78293633195
4.77196041979
4.78509768583
4.78399681479
4.78619494463
4.78532084254
4.78208512787
4.81206074232
4.80100953569
4.81386410322
4.80570204637
4.80292882421
4.80960778882
4.82236142223
4.85100407561
4.86341066849
4.86976804399
4.8722849521
4.87202441352
4.87842893527
4.90585006941
4.90339269028
4.91534116755
4.91120935398
4.92308301862
4.92931000603
4.92389119876
4.91731702092
4.92015158606
4.91269948421
4.90440127127
4.90491752857
4.89601396533
4.89925335828
4.90589802714
4.89737657038
4.8962877132
4.897242681
4.89467932063
4.89083598169
4.88222213901
4.87305366331
4.86843261241
4.86288974739
4.86996315578
4.86966421757
4.87360010749
4.87523719644
4.88703464601
4.87945279801
4.88650113275
4.88824151228
4.91216020652
4.90415061407
4.90812257456
4.9081534369
4.93159007045
4.92324917811
4.92191390638
4.93324285053
4.944488921
4.95126439391
4.97393422731
4.97564635487
4.96717486271
4.96480173715
4.96503496437
4.97174533448
4.9938164411
4.99052417307
5.00128673688
5.01197482598
5.0078902092
5.01440951244
5.02090071929
5.02472843678
5.02376205842
5.0217469654
5.01883713515
5.02275712343
5.02476729607
5.02869445331
5.03261984762
5.03316690337
5.03250763897
5.03189284906
5.03027188759
5.0324359784
5.02846002804
5.02608579517
5.02297191577
5.02383440658
5.01947398817
5.0297294028
5.03623688442
5.03262030413
5.02843802923
5.02375080238
5.0302960604
5.03020793942
5.03440248762
5.02990550052
5.0399717317
5.03503510402
5.02969604561
5.03395266257
5.04045992897
5.03962777248
5.04220729305
5.03757688876
5.03211585118
5.03478297001
5.03261084645
5.03120410091
5.03392597161
5.03536675471
5.05400417477
5.0604231438
5.06467296303
5.06263129061
5.06901136878
5.06358758702
5.06401026426
5.07360839424
5.07108951258
5.07535254307
5.08167385233
5.07867806083
5.07831549109
5.08105974056
5.08531872333
5.08195958423
5.0995833512
5.09852418572
5.09625232306
5.09254812941
5.09095150521
5.0869298812
5.09621850059
5.09411811948
5.10034264241
5.11747266637
5.13448990356
5.13184519464
5.12877148655
5.13293550849
5.13567065697
5.1523972155
5.15395776711
5.1628359483
5.17166735737
5.17757119874
5.18020106987
5.18081638354
5.18066727472
5.18653083661
5.18572495672
5.20184571912
5.20043185604
5.21641853685
5.22033236699
5.22881461055
5.23135802288
5.23702169344
5.23849878566
5.25411510439
5.257922333
5.25600380434
5.25585939012
5.27126488781
5.27183989457
5.28002374386
5.28816783432
5.29060477415
5.29044989282
5.29588592024
5.30130164224
5.30272065713
5.3041471853
5.29981678858
5.30352867654
5.30416158161
5.30480702912
5.30266179716
5.29976316597
5.29915715413
5.31382188644
5.31381216426
5.31381869863
5.32833632485
5.32719221619
5.33497869419
5.33438193514
5.33280100851
5.33042076416
5.3293663402
5.33090685093
5.32676482958
5.32488539287
5.32569150632
5.32427988417
5.32208545008
5.32227652295
5.32483416329
5.32308487527
5.32680637292
5.34075574124
5.33828812776
5.33619843984
5.34378021526
5.34540937494
5.35915459237
5.35673800614
5.35835357352
5.36349673679
5.37093756952
5.37453874258
5.37539788095
5.37274334033
5.37524165951
5.3726300863
5.369757461
5.37228150632
5.36918296633
5.36951388691
5.37119012217
5.36790877308
5.38114406726
5.37764138213
5.39079526714
5.39244710207
5.39965759679
5.40683834638
5.40776367493
5.41271556922
5.41252249366
5.41286361194
5.41223356643
5.41575896279
5.41560684627
5.41500970212
5.41298644404
5.41069408579
5.40721845792
5.40974092961
5.40631036849
5.40383838362
5.40113946551
5.39759428566
5.39716370876
5.39634631115
5.39518166447
5.39439621888
5.39326519612
5.39820853008
5.39745373992
5.3975452528
5.40014609331
5.39874203637
5.40056162715
5.40414747677
5.40147001388
5.39860231543
5.39518046248
5.40009099196
5.40193976374
5.40096220063
5.403587663
5.41573345838
5.41692611046
5.4137697251
5.41045986756
5.40754501523
5.40446722461
5.40106628388
5.40296286645
5.40976921368
5.41655008462
5.41303013685
5.41429535372
5.41911041901
5.41897393123
5.42252394921
5.42730948988
5.42991613844
5.43343937052
5.43469559948
5.43820740252
5.43513495501
5.43192291007
5.42842945735
5.43032842964
5.43294771187
5.43484384378
5.43835676779
5.43965279381
5.43654646468
5.4350180687
5.43402956638
5.43278354732
5.43130121039
5.43393835025
5.43478215437
5.43563031985
5.43756323101
5.43949520601
5.43991738145
5.44034581372
5.43727721627
5.44851041743
5.44986062366
5.44991338897
5.44830333645
5.44918091659
5.44782266838
5.44604102298
5.44614195901
5.44305557732
5.44284187959
5.4442480603
5.44404817452
5.44355294556
5.44449332096
5.44136673492
5.43951100763
5.44006235536
5.43863404678
5.43919997115
5.43940491842
5.43871592487
5.43860823816
5.43768765795
5.43612484174
5.4330366217
5.43192495361
5.4302170381
5.42834460261
5.42863508938
5.42575757468
5.42449640448
5.42304787529
5.42142497114
5.41963925597
5.419669096
5.43033099081
5.42911833717
5.43972675613
5.44080116745
5.4388724798
5.43861583007
5.43723680181
5.43587051717
5.44204791198
5.44181358046
5.43979274602
5.4382772045
5.44280667629
5.44130438766
5.43853842973
5.43689409985
5.44037337604
5.44019887
5.44470580218
5.44481285435
5.44827187266
5.44666630902
5.4438746646
5.44657034778
5.4438031751
5.44650033788
5.44637307148
5.44796229191
5.44626700926
5.4483613591
5.44952872144
5.44673238916
5.44883120612
5.44703411188
5.44864181327
5.4458942765
5.44672031485
5.44482639687
5.44202026969
5.4400226005
5.43724932756
5.43515459306
5.4323172135
5.43504671114
5.4332436411
5.4310766157
5.4332297293
5.4313276209
5.43112519673
5.4288878746
5.4305726428
5.42824687117
5.42553582312
5.42682697952
5.4244340454
5.42406923467
5.42501848656
5.42488196396
5.43076738509
5.43516672438
5.43271826673
5.43000487679
5.42722017377
5.42689900991
5.42504317361
5.42256887086
5.42355650098
5.4230685158
5.42114042556
5.41862178504
5.41586014949
5.41541146432
5.41284535181
5.41020874351
5.40960686199
5.4076569505
5.40594145481
5.40412448964
5.40163911192
5.40304713558
5.40041716019
5.3997084888
5.39917548999
5.39721101118
5.39536176894
5.39453034392
5.39189660327
5.40136452903
5.39866179454
5.40441578217
5.40345265293
5.40280028896
5.4121859786
5.40943917119
5.41377016569
5.41268464061
5.41070756928
5.40992391461
5.41173384614
5.40987982198
5.41555163941
5.41280580367
5.41392034928
5.41275816024
5.41420151375
5.4122032577
5.41561849773
5.41989844624
5.41714367655
5.41826867294
5.42102197467
5.41822801501
5.41907535725
5.42131472617
5.41946660914
5.420067159
5.4180591761
5.42712079388
5.42431834633
5.42193308012
5.42307673203
5.42861195815
5.43197443164
5.43377839031
5.43172609647
5.43722546478
5.4399397181
5.44885104203
5.44642833809
5.45058924197
5.45236950759
5.45050660602
5.45193703193
5.45412932504
5.45954437453
5.45991843604
5.45783494248
5.45926159575
5.46011176216
5.46422085278
5.4695889318
5.46745144472
5.46504465624
5.46258474677
5.46371328191
5.46589072025
5.47122653488
5.47448031689
5.47624038743
5.47709089822
5.47523954863
5.47609678054
5.47671703602
5.47935367741
5.48077229664
5.48163040985
5.48133298086
5.4845559516
5.48630961475
5.4884548432
5.48957384194
5.49019765563
5.4916108465
5.49118125275
5.4937894966
5.49553491016
5.49595140802
5.49539605807
5.4975294358
5.49839394744
5.49980569649
5.49913442259
5.49977280266
5.50118662144
5.5014268613
5.50255385429
5.5019017479
5.50234103565
5.51062741089
5.51069368173
5.51181518181
5.51268416309
5.51192449007
5.50963234417
5.51472092845
5.51464027922
5.51401490737
5.51327666173
5.51243197572
5.51416854375
5.51482915777
5.51399639468
5.51787632908
5.52599909907
5.52739993577
5.52852171372
5.52831117204
5.52603443559
5.52649491392
5.52557658622
5.52646423776
5.52735254065
5.52848597832
5.52816407514
5.53124822986
5.5302516331
5.53197349176
5.5331079234
5.53266988705
5.5329677957
5.53548841529
5.53638262761
5.53531755762
5.53308326568
5.53687924159
5.53702178389
5.53770777463
5.53802037046
5.53689222821
5.5377993215
5.53621295479
5.53456558724
5.53285963378
5.53337307066
5.53354725958
5.53237439114
5.53308849542
5.53380361186
5.53553401754
5.53505446446
5.53509265009
5.53386536909
5.5343983287
5.53512368572
5.54286662341
5.544287956
5.54464068862
5.54580010286
5.54365705164
5.54147367591
5.54184041806
5.54057430591
5.54078786055
5.54071811183
5.54443085233
5.54223490597
5.54091848687
5.54114473068
5.54258056148
5.54375839665
5.54212812964
5.54221691015
5.54980534545
5.54760347793
5.54855377349
5.54784387249
5.54704656238
5.54616621586
5.54483102077
5.55236131982
5.55311188898
5.55406501056
5.55267042905
5.55342585058
5.5512389977
5.54979787607
5.55726771195
5.555049508
5.55562861863
5.55588920281
5.55600955809
5.5545281686
5.55230046811
5.55272770927
5.55047279851
5.55061334135
5.54833262305
5.54877375697
5.54906482593
5.54935778327
5.54951229457
5.55415327849
5.56149803204
5.56151301181
5.566126863
5.56971076422
5.5697225038
5.56744001371
5.56657083122
5.56562901013
5.56461782096
5.56522685508
5.56371453585
5.56363170412
5.56534760837
5.56515474207
5.5650780179
5.56525202879
5.56506771133
5.56962353483
5.57681883085
5.57652146487
5.57427601816
5.57388760372
5.57741978449
5.57820888245
5.57882581844
5.57944362308
5.5779304519
5.57839521957
5.57871602982
5.57934061895
5.58284858348
5.58061805034
5.5851017673
5.58608282542
5.58687633567
5.58888048906
5.5866334833
5.58436017557
5.58206129144
5.58375962542
5.58456440094
5.58504597302
5.58568320022
5.58616685487
5.59316401609
5.59458488239
5.59228245816
5.59291817212
5.5941106325
5.59179241986
5.59874312568
5.59840955815
5.59807915662
5.59574544655
5.59338903103
5.5910105078
5.58861045472
5.58961324435
5.59011741893
5.59048305093
5.59009363872
5.5910986338
5.59192251122
5.59243196163
5.59267494609
5.5902910493
5.58788681102
5.58855740822
5.58999538413
5.5895457695
5.5902184804
5.59074277321
5.5911306639
5.58873380428
5.58631768281
5.58671617047
5.58428596002
5.59107515845
5.5905683625
5.58812249266
5.58828312971
5.58950582131
5.58935692632
5.5896393021
5.58850459959
5.58732160257
5.58599325596
5.58356802808
5.58364031209
5.59035723587
5.59013386173
5.58931405658
5.58843616483
5.58750253585
5.5872052131
5.58824500428
5.5891108981
5.5893027223
5.5879694163
5.58868164041
5.5887716843
5.5887622415
5.58638319027
5.58610889777
5.58643148997
5.58675535327
5.58540900862
5.58562333224
5.58650446642
5.58661437556
5.58425217077
5.58498296103
5.58389668563
5.58297421581
5.58200121204
5.58097955773
5.58157874307
5.57923191513
5.57812224347
5.57859881378
5.57624620338
5.58278517963
5.58168438232
5.58204249207
5.58265052635
5.58539488705
5.58957759936
5.58982126679
5.59312035158
5.59641374317
5.59913603228
5.59799765028
5.59565555947
5.5932983513
5.5909263741
5.5885399668
5.58738382916
5.5869591152
5.58968247282
5.5902998353
5.59046076701
5.59052649342
5.59102002513
5.58864889475
5.58817093849
5.58815548277
5.58698732984
5.58737466461
5.58639761147
5.58537670499
5.58431345879
5.58312262972
5.58363730658
5.58392861825
5.58422109534
5.58398537238
5.5841797169
5.59051287033
5.59320785052
5.59330188513
5.59330810601
5.59323150895
5.59092175602
5.59077136569
5.59054681112
5.59180956814
5.59174393068
5.59055354857
5.5932364277
5.59728944025
5.59956058497
5.60047955122
5.60314670813
5.60540916704
5.60511649045
5.60575630514
5.60561448196
5.60333524008
5.60385867889
5.60157008689
5.60036900462
5.60016754556
5.59901327578
5.60519630562
5.60561257332
5.60602963702
5.60920534984
5.60893481779
5.61291999581
5.6148462697
5.61450788873
5.61328772815
5.61289037683
5.61455532973
5.61229817381
5.61374162146
5.61498984038
5.61530843811
5.62139981499
5.62534307247
5.62847391514
5.63107709578
5.6332881611
5.63518712029
5.6383007276
5.63817663795
5.63981307241
5.64239744541
5.6434490312
5.64486093823
5.64608054511
5.64712974408
5.65312033333
5.65568400315
5.66165619431
5.66145269525
5.66029247402
5.66117824422
5.66334628364
5.66211972303
5.66286830632
5.66064904423
5.66039070343
5.66060067736
5.65837731148
5.65614227474
5.65589592588
5.65844139
5.65813125112
5.65720713282
5.65937101419
5.66526093342
5.66907625054
5.67210700137
5.6739535903
5.67357859734
5.67572148567
5.67823575483
5.68037251086
5.68049601373
5.68208451501
5.68165356964
5.68302941632
5.68486149052
5.68390607037
5.68573651725
5.68353583844
5.68512042272
5.68291078487
5.68069029598
5.68074724349
5.68652617534
5.69229489724
5.69182058017
5.69256435954
5.69393037168
5.69444037704
5.69414606691
5.69455409349
5.69827640112
5.69798349193
5.69680240752
5.69798377506
5.69746957377
5.69778434878
5.69809993389
5.69775763762
5.70070671605
5.70014824746
5.70116841462
5.701396607
5.703849732
5.70407765303
5.70470327302
5.704311401
5.70214773625
5.69997374822
5.70242220888
5.70330138038
5.7034545166
5.70525245213
5.70432591444
5.70640732647
5.70715647501
5.70894929033
5.70678459913
5.70461002221
5.70403591219
5.70437027539
5.7050079656
5.70543719141
5.70545104484
5.70598196558
5.70753801576
5.70692784894
5.70745986703
5.7077991895
5.70686957388
5.7082241901
5.70865873895
5.70801421269
5.70845080843
5.7084069448
5.70866568882
5.70884369922
5.71002313626
5.710462363
5.71080987875
5.71013569305
5.71116110482
5.71134363467
5.70923487169
5.7085283327
5.70941898627
5.71147464371
5.7117432608
5.71164993365
5.71230064838
5.71156279884
5.712328936
5.71287594691
5.71306921654
5.71372196913
5.71728625299
5.71764374269
5.71673084499
5.71727831319
5.71651480429
5.71663702747
5.71709010703
5.71629516669
5.7142322805
5.7147866129
5.71515482605
5.71433329315
5.71461958935
5.71383893964
5.71302468595
5.71217787576
5.712391191
5.71034616377
5.70829208557
5.70800866151
5.70848129468
5.70862905076
5.70893035907
5.70687936213
5.70696179748
5.70743936201
5.70745712965
5.70768613479
5.70807691372
5.70816397031
5.70855602576
5.70823923669
5.70847254296
5.70843485795
5.70859667231
5.70891017574
5.70688566803
5.70705205517
5.70729237068
5.70739135397
5.70756041106
5.70553891909
5.70475213944
5.70492669344
5.70510211598
5.7054278194
5.70341013124
5.7026013104
5.70271434788
5.70187743652
5.69986191466
5.69991567053
5.69990869375
5.69789103948
5.69756941878
5.69678096067
5.69596275318
5.69511566294
5.69506128823
5.69305307896
5.69212440272
5.69202031931
5.69726264424
5.69710291793
5.69886380935
5.69865391709
5.69935926797
5.6984102943
5.69815556605
5.69616137096
5.69586404965
5.69386540027
5.69352736089
5.69388710905
5.69417246605
5.69321611131
5.69343320475
5.69862198554
5.69824452932
5.70166627563
5.70683751592
5.71200080094
5.71474381481
5.71475877535
5.71674962884
5.71590630519
5.71503627348
5.71414026759
5.71389837149
5.71404318666
5.71447692709
5.71433701276
5.71430509201
5.71491366822
5.71534949365
5.71532002922
5.71584017324
5.71627730661
5.7143251696
5.71414517324
5.71566769693
5.71371262264
5.71363825154
5.71536820615
5.7134100443
5.71357042261
5.71366969695
5.71170976098
5.71159237001
5.71665784875
5.71669962957
5.72175420223
5.71978970133
5.72313009136
5.72646583841
5.72915449599
5.7314227671
5.73337851677
5.73320517203
5.73491178046
5.73641180882
5.73677133229
5.73686627611
5.73818913126
5.73854933528
5.73762248645
5.73567118779
5.73833726419
5.73950624106
5.74144776711
5.74293993294
5.74322987857
5.74819466746
5.74797986779
5.74781292479
5.74883980117
5.74862803171
5.74993977449
5.75016230573
5.75343131898
5.75836255325
5.76162129774
5.7642475932
5.76646301804
5.76837299473
5.76643519438
5.768103139
5.77031199696
5.77177597132
5.77306745622
5.77496843318
5.77597516976
5.77763289582
5.7756974957
5.77573301972
5.77594794649
5.77604167779
5.77749892058
5.7755659676
5.78042078267
5.78170425211
5.78283850462
5.78604169173
5.78704113255
5.78731945814
5.7882001812
5.78626849714
5.78433069636
5.7823868811
5.78214197874
5.7829213339
5.78097624452
5.77902534002
5.7783347749
5.77761775922
5.77672076006
5.77672272135
5.77741136523
5.77736396735
5.77780227899
5.77770802943
5.77794148653
5.7801133944
5.78071223524
5.78258726184
5.78422687929
5.78474099438
5.78950572668
5.78757820723
5.78921228439
5.78728031453
5.7904327558
5.79029431881
5.79065834696
5.79109466424
5.79363618583
5.79836795743
5.80150202426
5.80403195125
5.80616939371
5.80830435285
5.80846789917
5.80857490996
5.80664987773
5.80849292726
5.80822655758
5.81006725249
5.80814138836
5.80621020958
5.80627054281
5.8043365082
5.8023973299
5.80246319758
5.80407635329
5.80568786613
5.80598664344
5.80740658552
5.8071152756
5.80837206102
5.80978945737
5.8100256271
5.81467446466
5.81775686583
5.82024696228
5.82036239191
5.82160815708
5.8196824307
5.81775174192
5.81985592475
5.82167491267
5.82326675888
5.82436963856
5.82595866547
5.82402855638
5.82513087924
5.82530678984
5.82628420155
5.8276836679
5.82865945697
5.82989744797
5.83076057998
5.83082818596
5.83222305306
5.8334579142
5.8345530729
5.83541357582
5.83543136969
5.83467260488
5.8338918645
5.83308970816
5.83345424048
5.83325680886
5.83401949033
5.83856387511
5.83832629564
5.83748419679
5.8377842155
5.83845333947
5.83942289408
5.83753392836
5.83564024594
5.83374192103
5.83183902665
5.83202947929
5.8321659627
5.83132134249
5.83191443604
5.83200136882
5.83010513552
5.83009836152
5.82819994846
5.82798712863
5.82830376742
5.82856058537
5.82860609298
5.82671195942
5.82481353005
5.82486416297
5.82506985421
5.82559534827
5.82555600036
5.82581977499
5.8249832129
5.82543874313
5.82564789323
5.82603676524
5.82642585633
5.82940378333
5.83181808102
5.83197220463
5.83120653777
5.83042100059
5.82961607222
5.82938637732
5.82751769795
5.82908123113
5.82941046524
5.82914929363
5.83053263144
5.83042183772
5.83069327955
5.83054482085
5.83060994719
5.83199103019
5.83180649347
5.83303472032
5.83744531614
5.83766007861
5.84060040028
5.84081408559
5.84319833885
5.84522231462
5.84697841603
5.84690797109
5.84845039737
5.8498156529
5.85002690336
5.85029377647
5.85045352527
5.85023297127
5.85131490371
5.85252695275
5.85360717192
5.85457043705
5.85428309393
5.85444443492
5.85460629465
5.85476867146
5.85498355565
5.8548802389
5.85463189151
5.85435118466
5.85531441245
5.85617326051
5.85656361255
5.85742181811
5.85818545521
5.8585149668
5.85878738446
5.85900584981
5.85917319334
5.85929197875
5.85962320367
5.85969620971
5.86142567672
5.86169979594
5.86182001872
5.86184958077
5.8620197943
5.8620079521
5.86195591443
5.86263384762
5.8632328717
5.86335648639
5.86421216379
5.8649745363
5.86467779235
5.86459000281
5.86610418017
5.86597927954
5.86650568295
5.86784745845
5.86891547598
5.86899528139
5.86883616303
5.8686430611
5.86832228523
5.86899955953
5.86912850964
5.87008295043
5.87012262311
5.87000445464
5.87060414035
5.86983616515
5.86809401101
5.86731128783
5.86656863354
5.86580840383
5.86503099897
5.86423680467
5.86250277482
5.86255507957
5.86245072437
5.86212046165
5.86205494923
5.86125211404
5.85952436679
5.85932267605
5.85922512406
5.85841143095
5.85882436536
5.85959652458
5.85965799311
5.85883155991
5.85870340845
5.85786303524
5.85788695446
5.85824475564
5.85893581469
5.85904520433
5.8587917128
5.85877879153
5.85908329057
5.85933612276
5.85911662245
5.858837469
5.857141483
5.85739763551
5.85709332569
5.85771175773
5.85791991345
5.85808173292
5.85724626368
5.85555718729
5.85523138995
5.85578263314
5.8559486703
5.85616167504
5.85628416921
5.85636473333
5.85685161387
5.85637896877
5.85646127911
5.85650358889
5.85601095273
5.85613756287
5.85590760621
5.8560354218
5.8583005065
5.85778904327
5.85787517975
5.85761875442
5.85770618705
5.8574230893
5.85785340064
5.85772297909
5.85777249748
5.85746515253
5.85751606403
5.85669747862
5.85707379969
5.85542773025
5.85509948895
5.85474637772
5.8547643497
5.85424913438
5.85412908383
5.85431270769
5.8539392883
5.85378971041
5.85339389788
5.85338038478
5.85320258419
5.85267499081
5.85673951722
5.85676298483
5.859501448
5.85908431877
5.85903630575
5.85822451921
5.8622731057
5.86450575823
5.86395887376
5.86410104925
5.86408873814
5.86415130993
5.86371612684
5.86562174456
5.86728692091
5.86720699801
5.86675097168
5.86514294655
5.86458534715
5.86454347224
5.86443623299
5.86590963832
5.86722446171
5.86675295607
5.86618060915
5.8660444528
5.8662813312
5.8657928163
5.86697213266
5.86803334629
5.86814311081
5.86755764086
5.86789206685
5.86630320229
5.86580039536
5.86675817092
5.86762207868
5.86790941047
5.86632228708
5.86625869354
5.86610285601
5.86558645795
5.86636696504
5.86706975989
5.86548656238
5.86573226277
5.86564159712
5.86405789092
5.86247060536
5.86221306885
5.86209649448
5.86131925521
5.86079643244
5.86062427016
5.86330049495
5.86318653483
5.86304365803
5.86284501317
5.86230760492
5.86449727066
5.86432760946
5.86413098393
5.86385667149
5.8636894818
5.86312011987
5.86290019868
5.86235147711
5.86365748559
5.86343937332
5.86187963444
5.86305463507
5.8641146523
5.86432932619
5.8637679617
5.86372763228
5.86343873724
5.86374419286
5.86367439178
5.86385075025
5.86327746024
5.86353925252
5.86341268811
5.86282506685
5.86272938685
5.86242408323
5.86256517074
5.86196479206
5.86134903819
5.86321011282
5.86298129129
5.86320441638
5.86167266078
5.86330416068
5.8631573593
5.8670318249
5.86640415058
5.86615335136
5.86626044626
5.86770615873
5.86753340092
5.87139408213
5.8740121457
5.87616038852
5.87800335694
5.87744406692
5.87716872512
5.87878429213
5.87885283384
5.88046646825
5.87982775978
5.881112273
5.88121692411
5.87969957358
5.87913020161
5.88028713717
5.88009104564
5.87979863864
5.87987157989
5.88091660544
5.88098985575
5.88102959016
5.88081179482
5.88085266853
5.88179847445
5.88180714385
5.88266411821
5.88264189873
5.88286806769
5.88223010123
5.88187979265
5.88265690261
5.88260717762
5.88111240898
5.88112624878
5.87962957158
5.87926447208
5.87862095778
5.87860717852
5.8785939449
5.87710034073
5.87780816157
5.87776695156
5.87769727258
5.87704635189
5.87700725225
5.87551758356
5.87402469784
5.8739320777
5.87384009163
5.87372162357
5.87335105432
5.87323406404
5.8740176165
5.87387517639
5.87348782194
5.8735495435
5.87340919331
5.87412085325
5.87371716974
5.87355315262
5.87336521967
5.871889287
5.87172819673
5.8723751562
5.87182185333
5.87125409788
5.8706721942
5.8704664971
5.87028538362
5.87010499501
5.86990152919
5.87004016033
5.86963078294
5.86958307286
5.86895051473
5.86875086789
5.86832708137
5.86825475013
5.86843285456
5.86816868742
5.86831214307
5.86852842473
5.86831037679
5.86821475181
5.86676809153
5.86655296583
5.86589159635
5.86444504992
5.86299543671
5.86311176715
5.86283674432
5.86305994771
5.86282909957
5.86301627918
5.86276505632
5.8628516067
5.86293854953
5.86266821082
5.866360426
5.86624921304
5.86640199691
5.86655509341
5.86626538115
5.86615644295
5.86634588296
5.86621331419
5.86590645513
5.86577527079
5.8658980015
5.86840936847
5.87048043792
5.87226540285
5.87184862767
5.87169349539
5.87178316069
5.87162921176
5.87130643623
5.87136674042
5.87093781884
5.87091302316
5.870739309
5.87127857054
5.87072810118
5.87016442324
5.86958780185
5.86953996988
5.86937050869
5.87093798149
5.87074647794
5.87067412312
5.8707109812
5.87071975651
5.87053071237
5.86913141446
5.86892271842
5.86849092393
5.86847581724
5.86838389256
5.86817798239
5.87180018191
5.87196529698
5.87262075076
5.87217574373
5.87206068291
5.8720208814
5.87449433436
5.87448057455
5.87534117483
5.87593683464
5.87607020832
5.87593327874
5.87797119259
5.87875532778
5.87885724506
5.87939722878
5.87923845762
5.88099409045
5.87961396761
5.87939240979
5.87988197788
5.87970369472
5.87964238894
5.87955699007
5.87931807708
5.8792100016
5.87783579907
5.876458684
5.87690367071
5.87698262294
5.87678966597
5.8771475481
5.87689497224
5.87717441386
5.87757534732
5.87713459142
5.87745320005
5.8776968611
5.88013747805
5.88041687545
5.88077498834
5.8805654258
5.88001386811
5.87945020299
5.8788746627
5.87751399817
5.87615049027
5.87592683278
5.87601399259
5.87599276595
5.87575138283
5.87551071087
5.87533072567
5.87507241687
5.87481483604
5.87457698236
5.87466803856
5.87447078172
5.87419733607
5.87392463188
5.8725750665
5.8723612697
5.87588506589
5.87830409738
5.87836784285
5.87858505507
5.87843176875
5.87814341242
5.87818152424
5.88017962373
5.88190705434
5.88343317385
5.8836168684
5.88498215842
5.88621416141
5.887332116
5.88835042262
5.88804502244
5.88819665768
5.8891264352
5.88997678938
5.88965578433
5.88977768108
5.88960634868
5.88975920874
5.88985305482
5.88986598993
5.88953196982
5.8891824113
5.88881767251
5.88749021285
5.8871119881
5.88578314052
5.88585421141
5.88670583648
5.88683398472
5.88754887603
5.88715908837
5.88583249604
5.88587897139
5.88569852704
5.88529729411
5.88507978075
5.88537416534
5.88513918298
5.88488681246
5.88469059018
5.88337099765
5.88296081908
5.88322266372
5.88667005882
5.88534942533
5.8877204273
5.88774558994
5.88785115715
5.88787705042
5.88795568701
5.88991733866
5.89161529347
5.89311711964
5.89446265801
5.8956782627
5.89525610149
5.89636057
5.89636070248
5.89736794768
5.89605390627
5.89697561818
5.89654261903
5.89652073488
5.89631197698
5.89972258386
5.89949493709
5.90083311153
5.90038822712
5.89907813571
5.89853432105
5.89807917957
5.89803710517
5.89672830786
5.89626291014
5.89620066242
5.89489181147
5.89358046787
5.8931064259
5.89285409432
5.89235661752
5.89184781671
5.89130436931
5.89103825587
5.89096097949
5.8943465745
5.89406401228
5.89358292259
5.89450367087
5.89550803863
5.89635190642
5.89712652428
5.8973610235
5.89827936427
5.89698042359
5.89567904667
5.89558363855
5.89529036751
5.89530692909
5.89615048076
5.8958428858
5.89454436915
5.89790481522
5.89789846846
5.90125445621
5.90093165556
5.90324439911
5.90358207515
5.90324476143
5.90194679438
5.90064647408
5.89934382621
5.89931761149
5.89952546793
5.89970363365
5.8991669359
5.89882176804
5.90073678682
5.90088684574
5.90090845276
5.90121463216
5.90085691603
5.90092841619
5.90105238496
5.90182414992
5.90253358713
5.90585767194
5.90815097236
5.90934229297
5.90897094765
5.90860036339
5.91050195088
5.91011802583
5.91176650546
5.91136965137
5.91164024581
5.91328655075
5.91319976947
5.91281790719
5.9142760447
5.91439854451
5.91435435949
5.91566247374
5.91590080154
5.91579575834
5.9154032022
5.91604950536
5.91585381537
5.91606273807
5.91586798579
5.91574623211
5.91592670651
5.9157870196
5.91723851327
5.9185416717
5.91838371109
5.91798306693
5.91777411315
5.91650738805
5.91630012963
5.91645478166
5.91628279228
5.91587385453
5.91539344767
5.91490252426
5.91440127484
5.91453169214
5.91411397199
5.91359313489
5.9134089238
5.91400538479
5.91380501949
5.9135887498
5.91684615244
5.91909713732
5.91886354913
5.92073360195
5.92298034343
5.92415273331
5.92522080464
5.92619771863
5.9270937011
5.92791692918
5.92867409291
5.92937076847
5.93098579768
5.93162593901
5.93140780203
5.93283884946
5.93159149653
5.93218015569
5.9327207003
5.93247280716
5.93375717282
5.93381198811
5.93497517745
5.93471284591
5.93463964639
5.93513484955
5.93558783835
5.93537376056
5.93485217115
5.9343526044
5.93551375349
5.9365718799
5.9363758095
5.93712833638
5.93723402149
5.9382906174
5.93778292172
5.93726562028
5.93673887859
5.93715325709
5.93753019226
5.93744299772
5.93840940691
5.93849268709
5.93937943263
5.93943923819
5.94262659841
5.94296659679
5.94327291958
5.94204836739
5.94206357531
5.94083774944
5.93960973398
5.93837955162
5.94058021306
5.94020805995
5.94010683616
5.93972361188
5.93950583971
5.93911184021
5.94228242823
5.94216413395
5.9443571233
5.94313036687
5.94190149054
5.94067051616
5.94249452672
5.94407901712
5.94284618927
5.94425278175
5.94405371428
5.94531822479
5.94646480671
5.94606302032
5.94710870851
5.9480662484
5.94817881578
5.94766003916
5.94713228404
5.94659569955
5.9464654153
5.94651050533
5.94528597234
5.94509202482
5.94458876015
5.9477269616
5.94731986775
5.94609602129
5.94487016438
5.94498790989
5.94562377078
5.94439740656
5.94656779572
5.94666196544
5.94724768962
5.94731905943
5.94609300482
5.94663307777
5.94975508925
5.95287444471
5.95312442933
5.95331819645
5.95348560244
5.9537072229
5.95384944206
5.95364541348
5.95580151677
5.95457802191
5.95469632478
5.95489122618
5.95505986446
5.95816282464
5.96126316128
5.96104409601
5.96414077127
5.96723483224
5.96737373255
5.96892527835
5.96986704618
5.97054446482
5.97107456048
5.97210051436
5.97171192263
5.9718261415
5.97490631724
5.97798390509
5.97975820626
5.97975963786
5.98188814902
5.98342793362
5.98479480242
5.98488155703
5.98490276039
5.98496738728
5.98589964935
5.98638116897
5.98516590942
5.98525415812
5.98627069537
5.98576913102
5.98670030092
5.98714218701
5.98720834984
5.9902599513
5.99030343392
5.98989549361
5.98969158696
5.98948818644
5.98898057438
5.9885644056
5.98834811733
5.98811802046
5.98816485596
5.98765127232
5.98792513651
5.98750183681
5.98706874917
5.98709654554
5.98665435012
5.98620271517
5.9864492042
5.9871189102
5.98712787634
5.98774571948
5.98831546258
5.98853407679
5.988504842
5.98731240657
5.98611809437
5.98607239884
5.9861253708
5.98561344191
5.98509328492
5.98503136753
5.98506513584
5.98498638152
5.98800276756
5.99101667903
5.99310646024
5.99300833174
5.99474832963
5.99454182301
5.99401416356
5.99402630986
5.99283933806
5.99262120577
5.99250918668
5.99459239239
5.99610283809
5.99783697287
5.99917809219
6.00068527055
5.99949880003
6.00070527558
6.00107480819
6.00094601454
5.99975959987
5.99977327344
6.00086806706
6.0007251272
6.0004956977
6.00158956501
6.00258847518
6.00243092454
6.00342914056
6.003766033
6.00258355587
6.00241257687
6.00122923373
6.00004412758
5.99986086753
5.99867493488
6.00000885539
6.00092477236
6.00070087298
6.00046413128
6.00026875201
6.00003301197
5.99963518456
5.99942744727
5.9989354585
5.99843539912
5.99792739734
5.99768209258
5.99743730313
5.99721932526
5.99604393596
5.9948668324
5.99463792252
5.99438378161
5.99398401646
5.99374370866
5.99347871283
5.99352521879
5.99324891266
5.99306399212
5.99255715556
5.99138676935
5.99113772892
5.99127183815
5.99107591399
5.99156368617
5.9916760196
5.99168746763
5.99140416274
5.99119662388
5.99161092131
5.99044605893
5.99053884561
5.99024641804
5.99062766614
5.99091680134
5.99183212607
5.99141499638
5.99025286959
5.99060258099
5.99092169492
5.99049742022
5.99000298184
5.98950094384
5.98899142289
5.98928285015
5.98940090467
5.98897086576
5.98781485457
5.98807962028
5.98692264965
5.98984293366
5.99276091594
5.99479203505
5.99682164039
5.99851615562
5.99831559737
5.99841095654
6.00010337063
6.00157832856
6.0030522664
6.00357695774
6.00241973025
6.00220706732
6.00269256435
6.00276742254
6.00308483554
6.00353281892
6.00309736013
6.00265363803
6.00150021653
6.00104934806
6.00059048452
5.99943744215
5.99897169797
5.99849821275
6.00138841761
6.00340109565
6.00508206702
6.00392888882
6.00277415404
6.00161787732
6.0016973444
6.00119401662
6.00068353448
6.00016600433
6.00022740724
6.0002335237
6.00311116055
6.00317202211
6.00321407672
6.00325636782
6.00305398348
6.00257096016
6.00355270093
6.00331440698
6.00333950399
6.00620700662
6.008204991
6.00828564347
6.00807144995
6.00897142335
6.00903293093
6.00788813906
6.00789550328
6.00767106068
6.00771520705
6.00724496604
6.00699816858
6.00652109408
6.00603672028
6.00888951645
6.0108780525
6.01253990061
6.01398946314
6.01528112391
6.01644694289
6.01645406475
6.01751505217
6.01833979197
6.01720115074
6.01668662546
6.01554746319
6.01440681744
6.01326470195
6.01316398999
6.01361216011
6.01246994876
6.01132629464
6.01193572959
6.01196581554
6.0119613788
6.01252647629
6.01349796457
6.01338558525
6.01339870873
6.01337834798
6.01337489671
6.01419972365
6.01397299646
6.01679481566
6.01876306772
6.02004495263
6.02132600817
6.0224827259
6.02344816397
6.02433623278
6.02597728429
6.02593869955
6.02675721052
6.02751400145
6.02821473596
6.02886413402
6.02946619039
6.03002433037
6.03054152388
6.03102037089
6.030893773
6.0309227509
6.03234869048
6.0322089246
6.03500345565
6.03627283036
6.0359106599
6.03553983555
6.03506871947
6.03701498174
6.0372272176
6.03837172466
6.03789354944
6.03740844787
6.0362834208
6.0351569811
6.03491075171
6.03485995484
6.03515020503
6.03677416611
6.03628526791
6.03516058772
6.03501244738
6.03552849702
6.03440372416
6.0343402413
6.0348189461
6.03526200397
6.03667722492
6.03659920668
6.03763882885
6.03889990015
6.03985192051
6.04099037909
6.04186586736
6.04290238312
6.04178061496
6.04065748597
6.04016782714
6.04111829834
6.04062212671
6.04337948082
6.0428761448
6.04374982169
6.04324020155
6.04272429187
6.04270920124
6.04463113362
6.04543694431
6.04491510127
6.04683447546
6.0484400546
6.04895156357
6.04842333807
6.04922706381
6.0486929555
6.05009319464
6.05169492858
6.05169526147
6.05294288344
6.05368463883
6.05371840135
6.05511457987
6.05457516572
6.05432686529
6.05501370055
6.05625807664
6.05627521207
6.0569116599
6.05963746123
6.05987366765
6.0609954612
6.06097938533
6.06370001788
6.0655986539
6.06580948924
6.06555016577
6.06656940716
6.06815572765
6.06834342929
6.06927641896
6.07039219894
6.07140858511
6.07233990212
6.07319686929
6.0739878137
6.07536784436
6.07622324861
6.07695379991
6.0776304766
6.07825781333
6.07883964792
6.08006740674
6.07896534232
6.07975319771
6.07865016996
6.07918994673
6.07969042847
6.08079833674
6.08152639015
6.08104032816
6.08054793286
6.08004929375
6.08105811493
6.08173257975
6.08063314245
6.08155751869
6.08218298081
6.08108297263
6.08092995171
6.08070794984
6.08155858244
6.08045912744
6.07992584154
6.0807116684
6.0814970962
6.08133386801
6.08079570863
6.08053445628
6.08099880866
6.08097104006
6.07987550885
6.08060259103
6.07950616871
6.08035587723
6.081029844
6.08146023467
6.08092028725
6.08131867466
6.08194384166
6.08252421584
6.08518658924
6.08674378272
6.08679722129
6.08945538228
6.08896072157
6.0884600566
6.08795346979
6.0879905161
6.08689948198
6.0887542135
6.08858374124
6.08860495199
6.08751398341
6.08823671096
6.08816895916
6.08797744668
6.08801641251
6.08692665867
6.0858356768
6.08569269119
6.08561382756
6.08562249249
6.08560081162
6.08451135037
6.08453702933
6.08403371673
6.083524674
6.08300997769
6.08297608631
6.08271805016
6.08262965884
6.08252858711
6.08249584366
6.08303513793
6.08195162265
6.08245312763
6.08234078878
6.08125722775
6.08017247844
6.08043789579
6.08121879317
6.08117448544
6.08117418665
6.08066107594
6.08144155105
6.08145716528
6.08408214654
6.08480419849
6.08485110148
6.08483600104
6.08441024452
6.08435326974
6.08507491076
6.08504612124
6.08497615843
6.08389871804
6.08456882934
6.08452704049
6.08344947287
6.08345205596
6.08407508668
6.08465440685
6.08448930763
6.08444897151
6.0849878396
6.08490752342
6.08540866301
6.08523365316
6.08509277104
6.08643271319
6.08689819188
6.0870763797
6.08754168301
6.08797378966
6.08813195392
6.08770752519
6.0873824414
6.08805032548
6.08818975507
6.08822555599
6.0882459876
6.08781689633
6.08828228288
6.08868350675
6.08880502594
6.08881116849
6.08830107826
6.08786744998
6.08753820247
6.08702396999
6.08712914566
6.08661009106
6.08660390368
6.08703735675
6.08747069026
6.08787295444
6.08849341255
6.0874367654
6.08780993571
6.08818303273
6.08876048119
6.08910556516
6.08945059731
6.08949073325
6.08905643788
6.08861608642
6.08893521678
6.08896094394
6.08936340095
6.08973659988
6.09008203311
6.08975172527
6.08930726803
6.08931911989
6.08969268098
6.09040836307
6.09159263152
6.09225719926
6.09260230305
6.09226585096
6.09222212033
6.09284028201
6.09249699475
6.09303320434
6.0928606161
6.0926194734
6.09302156328
6.09334088116
6.09336914212
6.09311985104
6.0936951363
6.09320725778
6.09271411931
6.09221578825
6.09275216164
6.09249593608
6.09231650133
6.09486591126
6.09536475477
6.09517491971
6.09542305186
6.09595823967
6.09616338079
6.09596442002
6.09595167089
6.09617821798
6.09667671058
6.09633282612
6.09598193337
6.09554268086
6.09562119424
6.09580743093
6.09578280637
6.09598942854
6.09572895537
6.09619374096
6.09625706122
6.09642444304
6.09638761254
6.09603306607
6.09622036069
6.09605659212
6.0960078486
6.09605699846
6.09622544445
6.09665842812
6.09629891317
6.09633364372
6.09632577274
6.09647614774
6.09648251245
6.09688557634
6.09759495234
6.09758763728
6.09760860741
6.09758819266
6.09773911786
6.09831213603
6.09868646577
6.09842392268
6.09840424986
6.09841208762
6.0985456149
6.09851338624
6.09834465069
6.0988788718
6.09922657378
6.09874117881
6.09825080436
6.09775551247
6.09787315958
6.09783009345
6.09782655056
6.09746856678
6.09742629765
6.09774963381
6.09824833331
6.09819395921
6.09817809397
6.09831425391
6.09813986921
6.09843908986
6.09909730372
6.099562169
6.09993760242
6.10005676343
6.10008293377
6.1000952349
6.10009404229
6.10044289375
6.10037841982
6.10119674427
6.10116961884
6.10115570057
6.10191414866
6.10252608442
6.10249929417
6.10307000946
6.10303077273
6.10297940193
6.10325537496
6.10350920943
6.1037418151
6.10367897958
6.10389133689
6.10381709917
6.10373158785
6.10363506041
6.10382828026
6.10415188128
6.10445137467
6.10427315198
6.10416655485
6.10404944004
6.10392203477
6.10462480137
6.10479977827
6.10466246694
6.1047683778
6.10378670116
6.10389324036
6.10405094913
6.10448393146
6.10422963187
6.10408410031
6.1040626245
6.10308300124
6.10348727219
6.10357921058
6.10331886064
6.10359746747
6.10367439035
6.10393116607
6.10366387933
6.10268673822
6.10170846555
6.10124224831
6.10129146921
6.10374915057
6.10277065175
6.10300758748
6.10273512171
6.10311262931
6.10213452744
6.10166569085
6.10068719825
6.10028145819
6.1006339983
6.1006998259
6.10091836773
6.10044685208
6.10027093564
6.09986143376
6.10018967236
6.10024217803
6.10044225318
6.10288767312
6.10292564936
6.10251135883
6.10204248755
6.10156894423
6.10109078529
6.10067272981
6.10097776163
6.10116006951
6.1011230529
6.1014055994
6.10098341747
6.10071175141
6.10054023639
6.09957362032
6.09860591545
6.09843589753
6.09869843893
6.09851980829
6.0980957358
6.09791781933
6.09816024355
6.09797389806
6.09754581684
6.09711273712
6.09786534097
6.09779848109
6.09761351946
6.09783691414
6.09775972843
6.09761199822
6.09717584567
6.09621604341
6.09619748874
6.09592625427
6.09595898818
6.09580397214
6.09571849433
6.0947604203
6.09479425335
6.09481508829
6.09465250818
6.09448123094
6.09438703898
6.09428284881
6.09430473829
6.09431399372
6.0942004499
6.09407732915
6.09394482716
6.09299171268
6.09282320197
6.09278592953
6.0951978548
6.09690053975
6.09833517292
6.09738170117
6.09841068676
6.10011055099
6.09993265749
6.09897878768
6.09802387798
6.09783881969
6.09688346018
6.09592707668
6.0962380512
6.09623775596
6.09623763998
6.09609926655
6.09590813072
6.09545967298
6.09526093445
6.09480835395
6.09460216137
6.09458000837
6.09456983476
6.09453655077
6.09408094381
6.09376736406
6.09281791485
6.09186745594
6.09140922333
6.09094662837
6.08999651074
6.08967960603
6.08921382354
6.08913054568
6.08866087366
6.08818699207
6.09057656204
6.09009802716
6.09178704462
6.09146543268
6.09098299643
6.0924070703
6.09207981529
6.09159362293
6.09110341453
6.09077127555
6.09245675451
6.09151289113
6.09142183313
6.09092892953
6.08998528831
6.08904066684
6.08870515926
6.08776018438
6.09013810601
6.08979705351
6.09217296518
6.09182583136
6.09147322462
6.09106049282
6.09274012543
6.09238227557
6.09303333759
6.093729598
6.09347443563
6.09344932374
6.09486456469
6.09392266777
6.09356075118
6.09319359199
6.09303316286
6.09261853566
6.09219928498
6.09216499514
6.09199739424
6.09198590434
6.09161578773
6.09157162385
6.09063454239
6.09046033301
6.09043895976
6.09034524121
6.08997196409
6.08994026736
6.08952070763
6.08941858087
6.089387618
6.08845395349
6.08751934383
6.08747881097
6.08742794472
6.08736697503
6.08729612254
6.08831249722
6.08828335479
6.08820288709
6.08913571228
6.08904566436
6.09139483873
6.09232612178
6.09222609594
6.09308611676
6.09474808105
6.09432788283
6.09339733115
6.09328866064
6.09469140714
6.09421261727
6.09409517393
6.09361293565
6.09462412699
6.09413809901
6.09647668902
6.09635058286
6.09800665929
6.09940501165
6.10063589342
6.10174220035
6.10274921531
6.10261348418
6.10246941681
6.10154258154
6.10277122983
6.10369507327
6.10454832857
6.10533987989
6.10607662776
6.10592446273
6.1070266813
6.10691826466
6.10760523867
6.10744515087
6.10844778527
6.10827972166
6.10892158151
6.10849683211
6.10806780372
6.1076345461
6.10671237894
6.10653824781
6.10713978695
6.10774108451
6.10762603257
6.10818966086
6.10910859461
6.10963694503
6.10977310868
6.10885278969
6.10970135605
6.11019708536
6.11031883284
6.11027137605
6.11105824197
6.11152320311
6.11146578779
6.11190213076
6.11165710457
6.11159031497
6.11155397072
6.11063701987
6.10971916718
6.11045151038
6.11033078461
6.11101439251
6.11331512402
6.11306511589
6.11214759234
6.11278642877
6.11235651073
6.11192249493
6.11148442791
6.11378075359
6.11540837352
6.11504761401
6.11642233398
6.11550623076
6.11458924629
6.11459841386
6.11506234221
6.11414525649
6.11425516997
6.11400216694
6.11521182761
6.11642084347
6.11651679175
6.11760378374
6.11668746611
6.11777399786
6.11876355379
6.11975261196
6.11983492405
6.12074319069
6.12030446697
6.11986180678
6.11941525382
6.12032308968
6.12116202648
6.1212318846
6.12118903504
6.12196753532
6.12105460649
6.12177986834
6.12086630412
6.11995189109
6.12001055395
6.12068813864
6.1205396237
6.12083342201
6.12126743844
6.12110362879
6.12113866211
6.12177221699
6.12236587855
6.12236699477
6.1219660229
6.12198992019
6.12198084418
6.12202845898
6.12200915155
6.12110007182
6.12111371119
6.12133369459
6.12128502903
6.12037641323
6.11946696616
6.11967092485
6.11985859615
6.12211879907
6.12437767618
6.12439159654
6.12599389571
6.12508420276
6.12643859864
6.12552809656
6.12527766268
6.12487711632
6.12607027446
6.12560971632
6.12514558697
6.12513909757
6.12621229544
6.12574489668
6.12799443283
6.12796696288
6.12956293744
6.12865526133
6.1289691227
6.12994513802
6.13129335139
6.13248136569
6.13355021424
6.13264238036
6.13173374666
6.13082431894
6.13179857943
6.13269392599
6.13298661502
6.13388129901
6.13470847493
6.13547663792
6.13619238619
6.13646474085
6.13729061414
6.13703690255
6.13729048649
6.13752609566
6.13829266586
6.1385108154
6.13804369108
6.13787924755
6.13808112004
6.13826694098
6.13736232786
6.13645693221
6.13598839788
6.13508281896
6.13730980941
6.13802360041
6.13819457018
6.13728854276
6.13886843058
6.13839738518
6.13837277815
6.13797692375
6.13864345773
6.13773843348
6.13770479908
6.13753674637
6.13816097194
6.13810857261
6.13806580825
6.13792857506
6.13851385294
6.13984658787
6.1397016514
6.13985875976
6.14040766883
6.14158165942
6.14216553162
6.14201325367
6.14215568102
6.14228417749
6.14212500887
6.14195876826
6.14178557677
6.14161264324
6.143820647
6.14378839558
6.14353685802
6.14335709204
6.14492435123
6.14473758038
6.1460630537
6.14563872024
6.14521069996
6.14477903262
6.14458648156
6.14575460184
6.14680614399
6.14655017564
6.14615739698
6.14595869926
6.1465784852
6.14753654514
6.1473313955
6.14838111939
6.1483906631
6.14838994267
6.14799438191
6.1477836034
6.1477733487
6.14865321725
6.14776388214
6.14750491829
6.14728891935
6.1463998307
6.14638097788
6.14632462893
6.14543566406
6.14517302081
6.14529122456
6.14539647631
6.14540922186
6.14759559014
6.14768779881
6.14742011557
6.14742244022
6.14732443607
6.14887715433
6.14900851739
6.14955300483
6.14928049095
6.14927299212
6.14939128333
6.14987281622
6.15038445659
6.1499586327
6.1495292764
6.14909642494
6.14957800647
6.14947348936
6.14992661471
6.1503529541
6.15075401401
6.1511311429
6.15121239916
6.15156681642
6.15163627323
6.151969095
6.15185747377
6.15097878874
6.15054522635
6.15010825205
6.14966790114
6.14960758042
6.14873024528
6.14859794429
6.14845848012
6.14841701658
6.14827071426
6.14824818193
6.14821642841
6.14817565359
6.14819315551
6.1480407156
6.14831656683
6.14830446303
6.14792028582
6.14789903823
6.14790722978
6.14751975971
6.14748972872
6.14661864546
6.14622820408
6.14613059129
6.14525974599
6.14482352247
6.14468166166
6.1449413421
6.14491329733
6.14452110024
6.14467251844
6.14481043172
6.14493525111
6.14488988881
6.14485362662
6.14479125102
6.14566197584
6.14577427811
6.14572066919
6.14532676152
6.14446127859
6.14419851804
6.14404572408
6.14388630923
6.14302149367
6.14215595812
6.14199094302
6.142057905
6.14174653119
6.14143070572
6.14103695934
6.14109357134
6.14095051422
6.14080074342
6.14040425875
6.140983333
6.14082727439
6.14056376697
6.14052351656
6.14057042659
6.14111512421
6.14095323368
6.140904774
6.1412038251
6.14171656624
6.14156193636
6.14150538647
6.14225427609
6.14295362938
6.14360842904
6.14574320393
6.14635681873
6.146933362
6.14822283497
6.14876475361
6.15028392994
6.15079363582
6.15063174
6.15124349301
6.15253009544
6.15226272619
6.15280319599
6.15273734208
6.15387295214
6.15411610834
6.15326176806
6.1542855135
6.15476444976
6.15521575336
6.15564106709
6.15657497356
6.15630357624
6.15544996214
6.15459564248
6.15374062207
6.15288490567
6.1536825436
6.15408400351
6.15402021354
6.15476230569
6.15545534526
6.15460012094
6.15432660263
6.15497573751
6.15455399434
6.15412905673
6.15370095666
6.15431026175
6.15449331159
6.15542471354
6.15628261242
6.15707758855
6.15781755768
6.15778879125
6.15847983291
6.15762782537
6.15813445167
6.1580805267
6.15780438199
6.15774263996
6.15757993359
6.15719142652
6.15712226595
6.15862328684
6.15845464457
6.15817494938
6.15811414211
6.15726556863
6.15718940308
6.15712130329
6.15694791351
6.15688018803
6.15680475125
6.15890344357
6.15881236685
6.16030903624
6.16157838038
6.16115258161
6.1607237063
6.16029178462
6.16019377754
6.16131499676
6.16132562334
6.16048091672
6.15963553635
6.16064699022
6.1614368803
6.16228828938
6.16302340455
6.16381226282
6.16449873412
6.16523291655
6.16587564761
6.16656127398
6.16716427744
6.1678062424
6.16837286343
6.16879444472
6.16919199384
6.17011159162
6.17048613165
6.17083907977
6.17117147939
6.17325100451
6.17356322042
6.17385670955
6.1738572752
6.17533933179
6.17659623302
6.17709605031
6.17820629738
6.17736458753
6.17783553516
6.17883675499
6.1792804668
6.18019474355
6.17935303838
6.17977140867
6.18061350844
6.17977152388
6.17934106305
6.17890764607
6.1784713014
6.17851105819
6.17850344105
6.17889836557
6.17805823765
6.17798475838
6.17876504662
6.17940143957
6.17999879474
6.18056038588
6.18059064949
6.18111920744
6.18161715509
6.18198885107
6.18271381833
6.18318286438
6.18320339248
6.18364569195
6.18406285212
6.18445628533
6.18482725573
6.18517690157
6.18476787099
6.18544399636
6.18579352677
6.18538160277
6.18496662737
6.18580341038
6.1849689063
6.18702109315
6.18765363571
6.18798251014
6.18770789245
6.18762812098
6.18909097485
6.188256829
6.18949777415
6.19059456577
6.19158412697
6.19149669572
6.19240067156
6.19323358546
6.19382517286
6.19413339619
6.19452410401
6.19435079739
6.19351790088
6.19428938678
6.19439389059
6.19511215616
6.19501807262
6.19557359098
6.19624442131
6.19641076914
6.19642255447
6.19671213835
6.1968053172
6.19680821328
6.19597773733
6.19606036768
6.19522959874
6.19519881832
6.19490537315
6.1948667272
6.19482016455
6.19481568933
6.19476150764
6.19393242401
6.19387101981
6.19357500096
6.19342446657
6.19259599094
6.19311918457
6.19370926378
6.19420219643
6.19475700449
6.19468887772
6.19461345433
6.19507818792
6.19560045013
6.19603877859
6.19653088526
6.19694439112
6.19757081371
6.19815905855
6.19871232682
6.19923332713
6.19907782319
6.1995689008
6.19949377389
6.19995693432
6.20039393806
6.2002211019
6.20063355365
6.20102279103
6.20094080552
6.20091289696
6.20087698298
6.20124432582
6.20094801434
6.20012654427
6.19930445668
6.19900504169
6.19891763194
6.19882336856
6.19870232764
6.19925460899
6.19915378676
6.1989957453
6.19917868058
6.20118885657
6.20170838788
6.20088854162
6.20105786562
6.20023771442
6.19941695737
6.20085191316
6.20100862489
6.20301462304
6.20423180597
6.20544841091
6.20599816829
6.20614128237
6.20757227324
6.20957366677
6.21009037763
6.21022051942
6.21143380899
6.21286183687
6.21204121682
6.21122000012
6.2113384724
6.21255030113
6.21454620132
6.2146525641
6.21572321951
6.21679338243
6.21786305324
6.21882855543
6.21892304505
6.21988793028
6.21986027155
6.2198247081
6.2194618966
6.22042599854
6.22015978209
6.22104093822
6.22112474417
6.22121938724
6.22209984158
6.22205678795
6.22197668329
6.22205020431
6.22286147369
6.22484502378
6.22479412733
6.22554575935
6.22696144244
6.22669137582
6.22739106063
6.2285920021
6.22916765144
6.22904023602
6.2291339726
6.22978720522
6.2300072122
6.23009022747
6.23096578084
6.230151246
6.23121118722
6.23182268777
6.232396952
6.23226387993
6.23234689785
6.23288698641
6.23247432935
6.23205891999
6.23164078409
6.23170388381
6.23156592196
6.23148012516
6.23155369391
6.23161720285
6.23167090754
6.2315720169
6.23353940318
6.23359286426
6.23348722401
6.23267767026
6.23408229897
6.2339704286
6.23391410121
6.23510608993
6.23468775102
6.23426674531
6.23384309733
6.23378010981
6.23377167858
6.23370176736
6.23368535664
6.23380311832
6.2336865121
6.23288049966
6.23298753273
6.23341444156
6.23402330696
6.23399957437
6.23319401723
6.23311159041
6.23320818182
6.2324027161
6.23159667574
6.23207586112
6.2319876106
6.23303882601
6.23261716714
6.23219292456
6.23176612162
6.23167863825
6.23141434156
6.23106126209
6.23224768227
6.23221076822
6.23185464188
6.23290408943
6.23285238656
6.23283133851
6.23319125751
6.23311841239
6.23307455858
6.23402155516
6.23401692083
6.23396578573
6.23369913647
6.23374767625
6.23373541555
6.23367759856
6.23371715349
6.23458242528
6.23455458955
6.23451921061
6.23416279841
6.23461403207
6.23486673197
6.2348975994
6.23516623387
6.2351238928
6.23592097638
6.23615820981
6.23588965956
6.23553137159
6.23548217404
6.23546340958
6.23620278403
6.23642548966
6.23639902221
6.23708810179
6.23700437477
6.23662467014
6.23624213519
6.23585679699
6.23650148245
6.23729653978
6.237505221
6.23824300008
6.23809283017
6.23878064204
6.23938446995
6.23957918814
6.23954587138
6.24011331635
6.2402948186
6.23950563586
6.24003998301
6.24097845182
6.24082346428
6.24132693513
6.24096941633
6.24182757938
6.24227616402
6.24219403313
6.24210548317
6.2420440529
6.24194934718
6.24184844626
6.24176051772
6.24172116193
6.24219591896
6.2426442693
6.24185882773
6.24228264157
6.2414968397
6.24113907015
6.24100935601
6.24121859581
6.24043327028
6.24038818106
6.2396026291
6.23979891534
6.23953426919
6.23940021701
6.23861512504
6.23856411486
6.23874788265
6.23978126468
6.24081419194
6.24067497335
6.24084576272
6.24070123196
6.24065049652
6.24029338383
6.24001864258
6.23974020691
6.2393807451
6.23954008957
6.23996431617
6.23918276695
6.23912642609
6.23907022135
6.23921813543
6.23915530266
6.23909260933
6.23831211886
6.23753108165
6.23766827486
6.23759975436
6.23755188112
6.23749718506
6.23762353582
6.23684350984
6.23678253778
6.23652030724
6.23663640138
6.2358568364
6.23578991362
6.23589592209
6.23637114367
6.23628502861
6.23622517494
6.23632115496
6.23624179752
6.23632798226
6.23626191179
6.2365664763
6.2366431256
6.23693077884
6.23684565914
6.23658221254
6.23685382457
6.23692137144
6.23712107565
6.23685430518
6.23645317756
6.23604960663
6.23564361389
6.23590023057
6.23512699646
6.23591215254
6.23615394554
6.23688327317
6.23780997974
6.23799713168
6.23792649846
6.23778515372
6.23769585576
6.23792316287
6.23777688916
6.23845676913
6.23818871448
6.23844513459
6.23767450162
6.23690333672
6.2371174069
6.23696707062
6.23749820427
6.23769899409
6.23794099913
6.23810455524
6.23860565406
6.23846103604
6.23831133809
6.23849940865
6.23842466899
6.23827022241
6.23874367461
6.23847465692
6.23838794483
6.23902342789
6.2389429987
6.23911896007
6.23956649903
6.2394077869
6.24000433275
6.23994339099
6.24028368007
6.24019760867
6.24036167307
6.24078486112
6.2409373059
6.24149827747
6.24165065495
6.24299615437
6.24272516321
6.24459882923
6.24499836846
6.24614241645
6.24652034605
6.24611996336
6.24571722806
6.24531216051
6.24454982891
6.24556340604
6.24592144938
6.24582412366
6.24674073322
6.24707945819
6.24722014359
6.2477786065
6.24767557348
6.24851448294
6.24893526927
6.24925539145
6.24978140913
6.25055572581
6.25169449616
6.25355716591
6.25328379061
6.25461963881
6.25511482881
6.25484902602
6.25598547214
6.25570863842
6.25617635031
6.25718321748
6.25728086018
6.25700073616
6.25695347322
6.2573955122
6.25734173574
6.25805823358
6.25799799446
6.25793148268
6.25785880985
6.25778008395
6.25824697255
6.25838654353
6.25929536837
6.25921066018
6.25933939058
6.25945767928
6.25936730812
6.25927119515
6.25937952235
6.2592778592
6.25950310333
6.2596016739
6.25981347066
6.26001228039
6.2599053768
6.25962509947
6.25981156461
6.2596994815
6.2597888724
6.26018413479
6.260624875
6.26070486233
6.26058766171
6.26032307459
6.26098922187
6.26106027381
6.26105044208
6.26187964202
6.26154203486
6.262165776
6.2629316183
6.26285535279
6.26251521275
6.2632270136
6.26340135382
6.26331940053
6.262921593
6.26252152788
6.26211922434
6.26177758048
6.26143324548
6.26068785503
6.26135254831
6.2613371511
6.26125086874
6.26133252074
6.26098647713
6.26157184809
6.26082744025
6.26145007416
6.26152296216
6.26117488719
6.26172603329
6.26231088401
6.26156701396
6.26121678627
6.26086397343
6.26138393935
6.26144860776
6.26070540091
6.2612562989
6.26123571377
6.26095950411
6.26087556175
6.26080972597
6.26132940047
6.26117660211
6.26082301659
6.26073389915
6.26105229321
6.26089529011
6.26061720082
6.26053439777
6.26046358632
6.26030252836
6.26020867452
6.2598655508
6.2603565178
6.26026869834
6.26075949996
6.26068345813
6.2611476663
6.26098284341
6.2609576898
6.2606129712
6.26052022457
6.26098435327
6.26024825542
6.26016739873
6.26008091373
6.26013983847
6.26019044724
6.26062992278
6.2602840939
6.26032672187
6.26076610826
6.26067461833
6.26057769114
6.26101695904
6.26098671386
6.26140283571
6.26143776405
6.26133574706
6.26173010902
6.26175738911
6.26246313148
6.26235593014
6.262729595
6.26274931845
6.26263708726
6.2625882266
6.26247103961
6.26234884013
6.26229415524
6.26318670901
6.26305961056
6.26292765103
6.26219848988
6.26211483138
6.26186174175
6.26113271123
6.26040317279
6.26014743658
6.26001215688
6.25975331923
6.25949122421
6.25936643562
6.25863804197
6.25837326018
6.25810529223
6.25783417211
6.25755993318
6.25743137819
6.25670417023
6.25642738625
6.25570002446
6.25542053445
6.25513802401
6.25506410854
6.25501402068
6.25474528542
6.25465499551
6.25437027312
6.25423897306
6.25414372487
6.25404326806
6.25375616424
6.25367791005
6.253388066
6.25266436368
6.25252952222
6.25180563258
6.25172283942
6.25167504924
6.25158701522
6.25153341945
6.25242310455
6.25228442856
6.25219128399
6.2521091774
6.25138690337
6.25132804651
6.2512302738
6.25089653157
6.25079385215
6.25258788479
6.25268942408
6.25235327367
6.25163217081
6.25152472465
6.25141233261
6.25150545833
6.25116776178
6.25105079903
6.25071087172
6.25079563679
6.25065505957
6.25038994481
6.2504418069
6.25029707104
6.25014793428
6.25019225272
6.25026904997
6.24955158448
6.24939864075
6.24924141815
6.24897478834
6.24891345212
6.24854087775
6.24816616484
6.24778933106
6.24772300327
6.24756271647
6.2473982697
6.24747660834
6.24740517039
6.24723687923
6.24730711878
6.24659347923
6.24632629959
6.24638882784
6.24567528963
6.24496127115
6.24501639338
6.24430215015
6.24444650303
6.24437148152
6.24441926622
6.24413831935
6.2438701051
6.24400488969
6.24387968754
6.24380003162
6.24384081109
6.24414877852
6.24406938084
6.24419478976
6.2444871713
6.24452073233
6.24463680543
6.24392598405
6.24420362352
6.2434925249
6.24321112577
6.24294230406
6.24304998242
6.24331367622
6.24318586207
6.24328475809
6.2432466931
6.24292367943
6.24317382449
6.24280347601
6.24243105726
6.24205658505
6.24214752877
6.24210449797
6.24234183381
6.24242444141
6.24229366151
6.24224516438
6.24231973863
6.2434107807
6.24363529125
6.24460508081
6.24432384841
6.24453599905
6.24461866989
6.24549804869
6.24556431967
6.24592299754
6.2461231211
6.24619749968
6.2462560136
6.24659681252
6.24678550497
6.24683640067
6.24716021823
6.24755676963
6.24758559624
6.24756774666
6.24686510668
6.24704297507
6.24784871835
6.24815628415
6.24853289684
6.24869983287
6.24944564888
6.24973752739
6.25009516119
6.24939332823
6.25008806384
6.2503651575
6.24999339825
6.24961963414
6.24924388117
6.24922089739
6.24914157487
6.24925092815
6.24951427862
6.24943519994
6.24950274791
6.24880324874
6.24853893408
6.24822088993
6.24752158123
6.24786216408
6.24811251673
6.24834982924
6.24832219635
6.24804405051
6.24796132176
6.24818625452
6.24883550973
6.24915909617
6.24921988748
6.24852225668
6.24825705554
6.2483032127
6.24910468345
6.24840721582
6.24827776774
6.24833165836
6.24829938468
6.24802046289
6.24798262321
6.2497282058
6.24976738877
6.24972368063
6.24977029115
6.25007787714
6.2493820837
6.24941460281
6.25002326584
6.2493273692
6.24990099639
6.24976850947
6.24973136932
6.24968299747
6.24936772271
6.24940796479
6.24932298998
6.24986454501
6.2498110946
6.24975231662
6.24905838558
6.24935117437
6.24938484292
6.24966309045
6.25017524055
6.25009101923
6.25002225078
6.24994330766
6.24925047012
6.24909496281
6.249580289
6.24888742601
6.24934793697
6.24978517265
6.24981270645
6.24965375763
6.24939178287
6.24907767229
6.24838581765
6.24806971929
6.24793668424
6.24835243676
6.24914867584
6.24845719249
6.24776526962
6.2481606432
6.247999448
6.24730752932
6.24741298245
6.24815084305
6.24783402314
6.24714228887
6.24751853903
6.24761580974
6.24735398993
6.24738370369
6.24747297179
6.24678196554
6.24609052905
6.24611408755
6.24602951042
6.24586672295
6.24583509354
6.24551838429
6.24560057865
6.24561809454
6.24558124226
6.24565579038
6.24539354684
6.24535147453
6.24541863055
6.24577705167
6.24508846943
6.24500062509
6.24483579207
6.2451771638
6.24486018467
6.24478254113
6.24409483309
6.2434067011
6.24327508209
6.24333599973
6.24338967648
6.2437150705
6.24390952346
6.24322207469
6.24253420641
6.24258128328
6.24251527191
6.24269948962
6.24287333243
6.24288704818
6.24281632243
6.24298020064
6.24229351826
6.24221827379
6.24252846302
6.242682818
6.2429780611
6.2428839454
6.24302886718
6.24267488292
6.24231898761
6.24196119616
6.24188204514
6.24201822081
6.24133386074
6.24152967603
6.24146583751
6.24136850347
6.24068444792
6.24064189091
6.24054052313
6.24044382035
6.24057181584
6.24151650456
6.2414108729
6.24132834899
6.24122744354
6.24111778195
6.24130347299
6.24122615555
6.24144478057
6.24165206525
6.24193368254
6.24188678925
6.24208311876
6.24205252473
6.24209562444
6.24141515776
6.24110498945
6.24137327337
6.24126934728
6.24121812428
6.24140429608
6.24310735482
6.24314399307
6.24283208483
6.24308706583
6.24303084062
6.24235197486
6.24308248308
6.24272877116
6.24237320549
6.2420158003
6.24133755817
6.24102506392
6.24091838702
6.24024031289
6.24048361431
6.24071483134
6.24109177374
6.24157488664
6.24089704655
6.24111664305
6.2413249829
6.24200606906
6.24236492159
6.2425621974
6.24265863416
6.24307355195
6.24326024423
6.24389824077
6.24382438443
6.24346781512
6.24310944068
6.24274927478
6.24249319205
6.24371984544
6.24364187312
6.24339156865
6.24328251313
6.24433255793
6.24464276405
6.24452948166
6.24546478552
6.24479066906
6.24467347493
6.24441571013
6.2437417503
6.24392894497
6.2443234713
6.24427595158
6.24445298016
6.24493422094
6.24480962135
6.24449999814
6.24443790356
6.24418707032
6.24412038735
6.24580540494
6.24665376752
6.24652548901
6.2464538649
6.24619516678
6.24697575026
6.24684385192
6.24676782984
6.24693501501
6.24753243879
6.24825636711
6.24758586035
6.24851670999
6.24867416232
6.24952031755
6.25008341978
6.24982283879
6.25060134702
6.2512761401
6.25120966821
6.25184247332
6.25176200027
6.25149919291
6.25209471204
6.2526567436
6.25280449617
6.25333601781
6.25347472185
6.25397829571
6.25389809105
6.25402806444
6.25450584382
6.25495976455
6.25539142618
6.25551273894
6.25562578375
6.25495856601
6.25506375593
6.25494947809
6.2546989879
6.25462425649
6.25454503736
6.25442720112
6.25435747188
6.2542240337
6.2539171703
6.25383405341
6.25358217488
6.25349932431
6.25336277179
6.25327569625
6.25318873623
6.25304877978
6.25295766067
6.25283739336
6.25217437758
6.2519213945
6.25125827153
6.25059475842
6.2506942282
6.25057112378
6.24990768185
6.24965335786
6.24957281811
6.25123682223
6.25057337081
6.25044699481
6.25210988614
6.25196079792
6.25213875715
6.25215666272
6.25336215993
6.2543951874
6.25373206433
6.2537815076
6.25352540032
6.2535374433
6.25287465988
6.25252636238
6.25217633282
6.25182458407
6.25168430335
6.25142699982
6.25183780064
6.2518449476
6.25350206474
6.25324229992
6.2531543795
6.25349358477
6.25514912074
6.25557941853
6.25548703828
6.2566876008
6.25661272871
6.25635076835
6.25625434687
6.25617094975
6.25719934668
6.25653969163
6.25646092355
6.25643521787
6.25577565485
6.25542454056
6.25579670463
6.2556542909
6.2555425647
6.25571137092
6.25535911852
6.25500519239
6.25464960473
6.25399170177
6.25396225622
6.25330420728
6.25495258628
6.25513138691
6.25447299686
6.25440522612
6.25457467835
6.25449369151
6.25383559149
6.25317712242
6.25251828622
6.25185908479
6.25182600137
6.25116666573
6.25050696859
6.25015312192
6.24979764181
6.24944054001
6.24953630647
6.24945322214
6.24952055503
6.24886204781
6.24892287436
6.24888634771
6.24881700625
6.24887140796
6.24883022781
6.24883623133
6.24875412657
6.2487547086
6.24874987764
6.24873972873
6.24859583498
6.24855528915
6.24851000798
6.24821654034
6.24813104877
6.24777553463
6.24765439405
6.24763979276
6.24759046263
6.24757081965
6.24751699377
6.24870719697
6.24805319874
6.24790730965
6.24778318377
6.24712932544
6.24647511185
6.24645121428
6.24636739314
6.24627536847
6.24619176781
6.24612115657
6.24609269428
6.24627515235
6.24729476477
6.24726132612
6.24743415666
6.24759779409
6.24745011379
6.24732388619
6.24747872712
6.24682698021
6.24656073107
6.24629231089
6.24602173834
6.24765257665
6.24779889279
6.24750803973
6.24869303185
6.24970977842
6.25061720547
6.25144331232
6.25220459782
6.25291196881
6.25357318072
6.25419403491
6.25477903636
6.2553317856
6.2551810634
6.25514291345
6.25510007674
6.25484894991
6.25455639099
6.25450922404
6.25426609862
6.25420996244
6.25476237347
6.25411389973
6.25405354901
6.25380120826
6.25373666149
6.25360857746
6.2533154905
6.25323003282
6.25388966439
6.25382115428
6.25368996384
6.25430932772
6.25366259798
6.25340917325
6.25311507346
6.25316675114
6.25252042116
6.251873744
6.25196611999
6.25161839967
6.25126911596
6.25091827987
6.25083468561
6.25099936191
6.25091592665
6.25066221038
6.25128124626
6.2511939424
6.25110272783
6.25101564139
6.25076014537
6.25071194916
6.25065931212
6.2506205593
6.25057723016
6.25052040145
6.25104291877
6.25100439427
6.25036179866
6.25031433138
6.25005788281
6.24979927116
6.24950761048
6.24945612915
6.24910730252
6.24875695064
6.24840508409
6.24836326609
6.24953553971
6.24927112932
6.24922477745
6.24895841663
6.24890777988
6.24867014524
6.24840203302
6.24814322321
6.24975149174
6.24945974553
6.25062990693
6.25163462299
6.25253183925
6.25189303439
6.25198055854
6.25279770929
6.25355114536
6.25425158714
6.2548321397
6.25548700911
6.25610221787
6.25586248517
6.25556905691
6.25551406439
6.25487620641
6.25452521409
6.25417273496
6.25381877923
6.25357795308
6.25294086586
6.25285370082
6.25259462657
6.25249608395
6.25239387126
6.25228803589
6.25204597395
6.25191888194
6.25221472547
6.25216166468
6.2518692354
6.25181205654
6.25175497057
6.25149523285
6.2512014407
6.25105845996
6.25081548048
6.25075472513
6.25110924881
6.25105287705
6.25041977553
6.25027429993
6.25032526558
6.25026510196
6.25065349962
6.25057286552
6.24994041586
6.2499857312
