0.0
1.0
1.58496250072
1.5
1.37095059445
1.25162916739
1.6644977792
1.5487949407
1.44661666763
1.35677964945
1.49111485006
1.41829583405
1.35203010176
1.29169199714
1.23664074194
1.18627812446
1.14006776267
1.09753783984
1.3372449393
1.29176014818
1.24946027992
1.21002851403
1.32848072557
1.29085208297
1.25543127956
1.44233884293
1.61745702974
1.57740628285
1.53940630967
1.50330740861
1.57153879064
1.53759960964
1.50518237634
1.65234556127
1.79231194496
1.92564757035
1.88914816978
1.85407698255
1.92729144517
2.04777009054
2.16325151257
2.22645265674
2.28751312275
2.32940417146
2.29425892827
2.26017689471
2.22711600353
2.19503556588
2.23774289769
2.20696122721
2.17703980263
2.27227313148
2.2424550122
2.33396771614
2.30429791154
2.27539834885
2.24724154823
2.33415405447
2.30612716742
2.27879212865
2.30891732912
2.28257596297
2.33219323239
2.30645470625
2.28130001005
2.25671068359
2.23266890006
2.2091574556
2.28642639556
2.3617863566
2.4353137924
2.5070810261
2.53941834345
2.5148850975
2.58351133261
2.65058472606
2.62589676816
2.60167992995
2.66668785532
2.68973495697
2.7124356383
2.77437440058
2.75054440078
2.81097114258
2.78732423186
2.76408223155
2.74123568042
2.7187753363
2.6966921771
2.75480118973
2.81180923807
2.82851508575
2.80659479935
2.7850217004
2.80197189575
2.81570117546
2.79490069151
2.77441358097
2.82785122828
2.85281697687
2.8637002873
2.84366261991
2.82390984907
2.80443649055
2.85534708272
2.86440299027
2.84525770537
2.894754233
2.87571105209
2.8914576481
2.87281504533
2.85441692248
2.8845236
2.897546238
2.92697535109
2.9560052151
2.9846451428
3.02985329951
3.01176651684
2.9938972426
3.03820867231
3.04794297846
3.09128758005
3.13402766675
3.17617699018
3.21774887738
3.25875624732
3.29921162648
3.33912716387
3.37851464525
3.4173855068
3.45575084806
3.49362144444
3.53100775903
3.56791995401
3.60436790146
3.64036119383
3.6759091538
3.71102084387
3.74570507544
3.77997041757
3.81382520534
3.84727754789
3.88033533609
3.8612961542
3.8424384415
3.87505756158
3.90730219578
3.939179439
3.97069620291
4.00185922185
4.03267505859
4.06315010976
4.09329061123
4.12310264309
4.15259213464
4.13373484156
4.11504207021
4.14419923755
4.12565968602
4.15450106806
4.13611234834
4.16464533192
4.14640509772
4.17463680375
4.15654275069
4.18448004703
4.16652991254
4.14872919395
4.16460628346
4.19204321106
4.20319336832
4.21862661806
4.24542465414
4.22796339144
4.21064093394
4.23716961502
4.21997800096
4.20292172684
4.18599955372
4.21225672869
4.19545919067
4.17879240529
4.20478988955
4.18824388782
4.19654825494
4.20742680776
4.21823066843
4.22896080542
4.24359126121
4.2685794775
4.252494834
4.260441988
4.27476384987
4.29923336755
4.30130463975
4.31531364659
4.29961945146
4.28403530084
4.29802981667
4.32187122042
4.30643339897
4.29110209532
4.29252930838
4.30631526608
4.31633704003
4.32994261762
4.35306626451
4.33807596621
4.32318496883
4.32388273756
4.3091890447
4.29459164667
4.30807853609
4.33077364788
4.3163008772
4.30192154707
4.28763497155
4.28805543467
4.27395347951
4.29636694182
4.28234653971
4.30457976309
4.29064005073
4.29665331721
4.28286442595
4.30481683424
4.2911056895
4.27747954729
4.26393778762
4.26420435411
4.27191230864
4.25858909893
4.28017620825
4.26692477499
4.26679420763
4.28815115334
4.27505257223
4.26203201786
4.26156239806
4.28268698183
4.26981509637
4.29078102171
4.27797548811
4.29878532159
4.28604552829
4.2733795351
4.26078683
4.28142542148
4.26889619419
4.28938410128
4.30973221469
4.32994210189
4.35001530638
4.36995334816
4.38194522414
4.40164780748
4.3891681024
4.40873391903
4.39631721409
4.40808547655
4.42741859037
4.43290075279
4.44445928527
4.46349837511
4.45123267695
4.47014448684
4.45793951683
4.47672588474
4.48798555064
4.50656191024
4.49443592888
4.51289149929
4.50082495094
4.5191614296
4.5373840431
4.52537280932
4.53628527483
4.53530876043
4.54039608011
4.55831122302
4.56902531583
4.57296751194
4.56121170725
4.57887404912
4.58679810397
4.58985238301
4.5782300101
4.57698520302
4.57938042065
4.56792467937
4.56647006781
4.5551303366
4.56305514339
4.58028145874
4.59740790203
4.5861435305
4.58447076192
4.57331884201
4.59030480109
4.60719387336
4.59608734965
4.58503241099
4.6018193014
4.60787196045
4.59689658482
4.59511667716
4.59700854507
4.61356133647
4.61154517368
4.60077378769
4.61720009855
4.61500553856
4.63131130456
4.62063734211
4.63685111835
4.65297700166
4.65766470528
4.64706460732
4.66304992596
4.66679974075
4.65627809317
4.64580188302
4.65547631044
4.66510490376
4.65470597499
4.67042135017
4.6776553036
4.66732079884
4.65703006971
4.67260158295
4.68809242021
4.70350326888
4.71058664218
4.71617726237
4.73140549511
4.73692667971
4.7267448213
4.74184500336
4.73170289514
4.74672489695
4.73662225991
4.72656078507
4.74150351773
4.73148091167
4.7359147702
4.75073751173
4.75427972917
4.744353997
4.75334682328
4.76799815765
4.77689610445
4.78575524864
4.79244343569
4.78261891145
4.79703964573
4.80367417146
4.81028292098
4.81550054901
4.82070035315
4.82588245059
4.83104695742
4.83962405056
4.85365944091
4.84401887189
4.84667104092
4.84461344749
4.84578118024
4.85966311581
4.85016283066
4.840697635
4.84578930939
4.85086407994
4.85494738071
4.8455855293
4.84642412325
4.84855744156
4.83929145896
4.83005889597
4.83062413175
4.84422996676
4.85253887751
4.85661154387
4.86067280789
4.86396820291
4.85488271436
4.84582914879
4.8439231916
4.84421721708
4.83526490697
4.82634373343
4.82438466298
4.8244803532
4.82240200142
4.82225968273
4.81350668604
4.81632445827
4.81417911487
4.81760472121
4.82102223898
4.82382927491
4.82350957468
4.81494522416
4.80640924119
4.79790153918
4.78942203071
4.80249422774
4.80595188012
4.8101115246
4.81425948149
4.81839581517
4.81001946128
4.80167031683
4.79334829944
4.78505332597
4.77678531255
4.76854417459
4.76032982688
4.76842397648
4.76024475383
4.7520920264
4.74396570837
4.7469913043
4.73891132116
4.73085739934
4.73343096058
4.72542371917
4.73817383973
4.73018905347
4.72222983274
4.71429609265
4.70638774789
4.69850471281
4.71118692062
4.71340621983
4.70556550668
4.69774970266
4.68995872326
4.68219248366
4.67445089876
4.66673388323
4.65904135149
4.65137321773
4.66395004614
4.65630244081
4.64867900759
4.65070714218
4.64312743538
4.65116425383
4.6549499722
4.65872601108
4.66249241901
4.65498880366
4.64750844525
4.64005126331
4.63261717723
4.62520610627
4.62805894696
4.6206875538
4.61333887653
4.60601283523
4.5987093499
4.59142834044
4.58416972673
4.57693342857
4.56971936573
4.56252745798
4.55535762506
4.561763499
4.55462378419
4.54750588878
4.54040973336
4.54841492482
4.54759418764
4.54822260145
4.54119546301
4.55335024648
4.55243963183
4.55290069349
4.55319904424
4.55220606569
4.55235947142
4.54545483223
4.54439975583
4.54443799068
4.55641655916
4.55630104477
4.54947533764
4.54835481913
4.55362908958
4.55341064895
4.54665624172
4.55850212096
4.55176270566
4.55627001541
4.54956025428
4.55730428737
4.5506174008
4.54394954731
4.53730066441
4.53067068954
4.52405956012
4.53029559894
4.52370965015
4.5171423479
4.51059363015
4.51457072108
4.50805115307
4.50154995644
4.50682244799
4.50034746592
4.49389065521
4.50548950969
4.5170487038
4.51060095213
4.52211630578
4.53359252057
4.52715398749
4.52073333219
4.51433049529
4.51706138524
4.51068861251
4.50433344844
4.49799583441
4.50938535432
4.51387435802
4.50755850961
4.50125999211
4.49497874791
4.48871471941
4.49222409718
4.49572538884
4.49883062638
4.50276896746
4.4965627895
4.49037339485
4.49387068786
4.48770798788
4.49287065371
4.48673132758
4.48060847819
4.47450205162
4.46841199402
4.46233825158
4.45628077054
4.45944804877
4.45341686008
4.44740175036
4.4414026666
4.43541955582
4.42945236513
4.42890987451
4.42913851935
4.43368067703
4.42776800629
4.42187090029
4.42795020787
4.42207290313
4.42223163424
4.41638453398
4.4105527066
4.40473610232
4.39893467148
4.39905347299
4.39328172433
4.38752496388
4.38178314276
4.37605621215
4.38012918342
4.37442441849
4.36873438734
4.36305904185
4.35739833394
4.3682849998
4.37565990926
4.38648578959
4.38083166095
4.37519200368
4.36956677067
4.36395591491
4.35835938947
4.35277714751
4.3635422109
4.35796954394
4.3524110515
4.35606651178
4.35971371144
4.35418415285
4.34866856382
4.34316689894
4.33767911292
4.33220516054
4.33495592802
4.32950442119
4.33677958665
4.33134274973
4.33859857963
4.34917866525
4.34375182869
4.34779586945
4.34238882819
4.33699520955
4.33161497033
4.33881412574
4.34211158646
4.34803184873
4.35101323564
4.34566541166
4.34033070522
4.33500907464
4.32970047833
4.32440487479
4.32805111718
4.32277496323
4.31751167096
4.31226119949
4.30702350802
4.30179855583
4.29658630232
4.29138670697
4.28619972936
4.28102532918
4.2758634662
4.27071410031
4.26557719148
4.27590623904
4.27077712228
4.27414794054
4.2690376183
4.26393957723
4.25885377814
4.25378018198
4.24871874977
4.24366944265
4.23863222186
4.23360704874
4.22859388475
4.23451158857
4.22951249974
4.2245253125
4.22826870547
4.23200394253
4.23573105629
4.23077197768
4.22582460311
4.22088889559
4.2159648182
4.21105233414
4.20615140672
4.20930587471
4.20442254177
4.21452360577
4.20964709553
4.20478198273
4.20989198243
4.21278725522
4.20794279473
4.2031095871
4.19828759708
4.19347678953
4.19802594595
4.20212584289
4.19733419507
4.19255359222
4.18778399993
4.18302538389
4.17827770989
4.1882283704
4.19516297472
4.19042158849
4.18569104793
4.18097131939
4.17626236931
4.17156416422
4.17500163064
4.17843208876
4.18158849043
4.17691639617
4.17225487381
4.16760389083
4.16296341481
4.1656875123
4.1754850125
4.17085642353
4.16623823332
4.16163041006
4.15703292201
4.16207037171
4.15748557718
4.1643183541
4.15974356316
4.16546848988
4.17515520949
4.1848170132
4.18024503097
4.17568317825
4.17113142441
4.16658973889
4.16205809123
4.1716735442
4.16714757762
4.16263158218
4.16301765873
4.16746147037
4.168263115
4.16377693946
4.15930056431
4.1637360731
4.16407295917
4.16745431874
4.17082902464
4.1741971009
4.16975517614
4.16532283587
4.16561233699
4.17052124488
4.16610917199
4.17050162366
4.17990501399
4.17550105119
4.17110649448
4.17770821749
4.18166631702
4.18561623868
4.18123744976
4.1768679446
4.18239168389
4.18546555981
4.1902953294
4.19388636271
4.20313608779
4.21236323655
4.21516959495
4.22163577818
4.22705998271
4.22270899094
4.22745717975
4.22311734943
4.22736415757
4.23120956647
4.23444212483
4.23866438253
4.24164009283
4.24461041374
4.24757536346
4.24994987004
4.25063630679
4.25358906533
4.25991345034
4.26263693063
4.25835365516
4.2608849101
4.25661517332
4.26555886492
4.27183239228
4.26756748263
4.27282961767
4.26857447705
4.27482101965
4.28006035198
4.28628037697
4.28645979998
4.28705654653
4.2871869762
4.28726855747
4.29246542097
4.30124295878
4.31000008758
4.31515445533
4.32029787156
4.32543037573
4.32121339629
4.32990016559
4.33500761359
4.34365897973
4.35229044743
4.35468012536
4.35910891865
4.36415802231
4.36620773488
4.36200354362
4.36800200073
4.3765417707
4.37872817431
4.38372780349
4.3922219951
4.40069693271
4.40915268668
4.40908559945
4.41751395996
4.42592331854
4.43431374425
4.44268530582
4.44695102818
4.44680412261
4.44661455043
4.44887194578
4.45130704324
4.45960809018
4.46153293362
4.46129350795
4.46955779741
4.47780374353
4.48154180938
4.48727237056
4.48931128018
4.48900999355
4.48867013791
4.48829279632
4.4916448394
4.49733376479
4.49907336564
4.50720355702
4.5030651845
4.50493418368
4.50795819395
4.50996828407
4.51273024745
4.51489427242
4.5205118344
4.52303706902
4.52555829729
4.52788035389
4.53589059593
4.53771849134
4.533624153
4.53560013801
4.53790660466
4.54020960864
4.54250915994
4.54208504623
4.54241547093
4.54268944235
4.54223526711
4.5424571995
4.54262673041
4.54214377455
4.54162815908
4.54432686972
4.54614304623
4.5477022209
4.54715564734
4.54728060763
4.54670569727
4.54881631977
4.54821155225
4.5560271953
4.55797051502
4.5540053587
4.55610499738
4.55820169601
4.56029546259
4.56209122952
4.56749854927
4.56355742865
4.56521923823
4.56972903713
4.56580048205
4.57351010813
4.57504051354
4.57895639429
4.58343383983
4.57951741485
4.58093013343
4.58858040739
4.58467294879
4.58077199986
4.57687754762
4.58450493479
4.58838668163
4.59598715094
4.60357208748
4.59967894897
4.60129957521
4.60885810088
4.61194904346
4.6132255405
4.61440429108
4.61676818657
4.62017367074
4.62165415934
4.62273452764
4.61887808619
4.62105110346
4.62290936334
4.62476526841
4.62661882457
4.62278462657
4.62556688625
4.62756633796
4.62893217338
4.62832335615
4.62839604482
4.63176067833
4.63691807717
4.63875571591
4.63877768309
4.64047870657
4.64279713365
4.64277535901
4.64434833293
4.6494642202
4.64882952789
4.64876511997
4.65386446422
4.66116181668
4.66844483362
4.67351091728
4.6807678224
4.68801052238
4.6873237392
4.68718999912
4.68648035435
4.68942492876
4.68925407864
4.69192891217
4.69333607368
4.69260412168
4.6888772369
4.6851560553
4.68760480371
4.68741003378
4.69456571096
4.69586707064
4.69216283281
4.69929525324
4.70049501439
4.70160236536
4.70262268611
4.70756933487
4.71465525106
4.72172762411
4.72878649577
4.73583190764
4.74072486371
4.74480250948
4.74834991092
4.74465853088
4.7516577315
4.75651601511
4.75282864147
4.74914675651
4.75319660754
4.76015781207
4.76328617575
4.76679487548
4.76312181492
4.76624197823
4.762576532
4.75891649881
4.7552618699
4.75161263651
4.74796878984
4.74433032111
4.74069722153
4.741611626
4.7379882989
4.73999026071
4.73637552414
4.73754801387
4.74442916763
4.74792427819
4.75048264162
4.74687978631
4.74328219257
4.74544080563
4.75228039208
4.7591073884
4.76164762201
4.75805731076
4.76280213267
4.75921736922
4.75563780211
4.7603750653
4.76269539632
4.76414288102
4.76808877747
4.76452233519
4.76796205754
4.76440237904
4.76636538667
4.77310181645
4.77652480146
4.77297323729
4.77968691154
4.78638845325
4.78770769514
4.79110598636
4.7875614296
4.78402191771
4.78867447697
4.78514034243
4.78853144558
4.78784972806
4.78764367102
4.78412704639
4.78343121062
4.78320013256
4.7796993309
4.77620345622
4.77595109878
4.77566795754
4.77496897221
4.77149397979
4.7680238483
4.76455857026
4.76426344337
4.76813259829
4.76780626697
4.76435714908
4.76366244046
4.7702447657
4.77681550253
4.77337330381
4.76993587272
4.76958962236
4.776140753
4.77793142142
4.77450518662
4.77108367422
4.76766687704
4.77223781793
4.77680120238
4.773389613
4.77794571997
4.77453907038
4.77113709529
4.77238207535
4.76898822319
4.76559901875
4.76221445495
4.75883452471
4.75545922094
4.7571369349
4.75376923429
4.75040613444
4.74704762827
4.74369370873
4.74487986703
4.74153394214
4.7426409936
4.73930310321
4.74158566122
4.73825464314
4.73492814887
4.73160617144
4.72828870389
4.73472681535
4.73141218385
4.72810204592
4.73262293401
4.72931743235
4.73043918007
4.72714151977
4.72384831452
4.72055955743
4.71727524157
4.71399536003
4.7107199059
4.71405578369
4.71078597172
4.71238449464
4.70912193462
4.70586376293
4.70260997272
4.69936055712
4.69611550927
4.70248873009
4.70398950173
4.70075003702
4.69751491358
4.6942841246
4.69589550062
4.69750512785
4.69911300999
4.69589480179
4.7003692055
4.7066918381
4.70800247067
4.7094010355
4.70619146531
4.70298614997
4.70928334309
4.70608064869
4.70288219392
4.6996879722
4.69649797695
4.69331220159
4.69013063955
4.68695328423
4.68819952389
4.68802004546
4.68485413921
4.68465354618
4.68149608533
4.68524032362
4.68736139906
4.68421088796
4.68399152518
4.68509094575
4.69132305063
4.68818235154
4.68504575127
4.6819132435
4.67878482192
4.6831920493
4.68006772707
4.67694747364
4.67383128272
4.67755170628
4.67444019394
4.67133272571
4.67752405715
4.67870383727
4.68021856326
4.6817317341
4.68324335292
4.68014893508
4.68340611391
4.68437738508
4.68129100038
4.68454189646
4.68146047654
4.68759483501
4.6845157962
4.68886262527
4.68977002033
4.6866979962
4.6896090212
4.68654219612
4.69264201759
4.6895775531
4.69566617868
4.69998152038
4.70362527974
4.70726374294
4.71046576644
4.70740588752
4.71028434864
4.7131588709
4.71634894483
4.71896096468
4.72043468288
4.7173861778
4.71877082456
4.7201541543
4.72153616952
4.72254444314
4.72355205546
4.72780069345
4.72874147155
4.73011548387
4.73435063612
4.73693296898
4.74115705079
4.74537490502
4.74958654688
4.75551910727
4.75637880398
4.76057328958
4.76476162077
4.76829416751
4.76527220933
4.77116712194
4.77533624023
4.77885185304
4.78300936267
4.78609479073
4.78307694016
4.78615914674
4.7889258458
4.79476877275
4.79727786389
4.79426607464
4.79656781972
4.79356134173
4.79606710616
4.79881625621
4.79581614797
4.79811202009
4.80221851061
4.80526569158
4.80737603666
4.80691908505
4.8066799842
4.81076707945
4.80778287523
4.80973514704
4.81381242714
4.81083378938
4.8103642253
4.80739306129
4.80986996067
4.81063995942
4.81245108096
4.81321965366
4.81026112733
4.80978272916
4.80683158801
4.81255165539
4.80960270911
4.81129093404
4.80834752652
4.80992690002
4.8139658932
4.81544017074
4.81250465405
4.81388772131
4.81518418038
4.81225672981
4.81627970721
4.81335577428
4.8190219806
4.82146720043
4.82444848609
4.82532470049
4.8224078692
4.82640622157
4.82349287993
4.82058293805
4.81767639141
4.81477323551
4.81187346584
4.81380017737
4.81090554317
4.81489489409
4.8205086933
4.8244856425
4.82401939649
4.82113069606
4.82379272106
4.82938127885
4.83115802639
4.83293284247
4.83458871811
4.83680334281
4.83392498891
4.83597140836
4.83716952029
4.83906608724
4.84083109852
4.84259420361
4.83972843184
4.84137528916
4.84291494219
4.84005634376
4.83720100338
4.83959698381
4.84222263445
4.84773272049
4.84488182484
4.85038282784
4.85149698487
4.84865043054
4.84580710144
4.84970115734
4.84686112467
4.8501499077
4.84731364051
4.84448057861
4.84402212564
4.84354798418
4.84901212883
4.84618811273
4.84717537398
4.84435688517
4.84980674269
4.85524890223
4.85605861395
4.86148907148
4.86691187761
4.86641549509
4.86360147105
4.86079058897
4.86183046219
4.85902499035
4.85994410444
4.85714411751
4.85434724713
4.85532985608
4.86072396747
4.86455047979
4.86778352744
4.87315796596
4.87036481896
4.87251002474
4.87787088
4.88070478399
4.88325236085
4.88557166641
4.88278497646
4.88000135437
4.88533673118
4.88255506104
4.88345882942
4.88068252446
4.87790926804
4.87513905639
4.88045867628
4.8776903965
4.88146430526
4.88358833048
4.88555123055
4.88737331155
4.8846125187
4.88691599091
4.88807178996
4.88922666563
4.8903806194
4.88763022668
4.88859055749
4.88584535228
4.88310312379
4.88262981941
4.88244992958
4.87971700148
4.87698702742
4.87868607089
4.8839390586
4.88918491586
4.89442365824
4.89965530125
4.89916434739
4.90125797555
4.90105309112
4.89833095727
4.89783023286
4.903040595
4.90418325554
4.90938263886
4.91027153895
4.91219552141
4.90948302714
4.90896702974
4.91089009792
4.91456896706
4.91530041118
4.9125977854
4.90989802107
4.9109677282
4.91044400716
4.91022867424
4.90753994935
4.90700764236
4.91067198542
4.9079893533
4.91045413704
4.91252134845
4.91197684195
4.91304503389
4.91411243552
4.915179048
4.91601336053
4.91965380427
4.91698751341
4.91432399884
4.91510897644
4.91245039912
4.91755565553
4.91489882185
4.91852682878
4.92096846532
4.92605560183
4.92911634295
4.92646273374
4.92916136725
4.92651124134
4.92894096971
4.92629451201
4.92851035108
4.9258677054
4.92699141177
4.92798668658
4.92904307756
4.9300369404
4.92740471696
4.92477519369
4.92214836755
4.925737512
4.92311343875
4.92405376027
4.92143434777
4.92232110502
4.92305813642
4.92044551606
4.91783556182
4.9152282707
4.91262363968
4.91357209907
4.91660417499
4.92017533162
4.9175757772
4.91497886606
4.91998045388
4.9235419211
4.92709902676
4.93065177969
4.9342001887
4.93774426258
4.9412840101
4.94624699173
4.94977709448
4.95330289845
4.95682441231
4.9603416447
4.95774605018
4.9626805511
4.96008663223
4.96359447625
4.96709807079
4.97059742436
4.97355792259
4.97096730747
4.96837928554
4.96579385392
4.96928537736
4.97418412437
4.97766624278
4.98114417034
4.98408630448
4.98755624946
4.98497329067
4.9823929027
4.98532874637
4.99019443491
4.99365148463
4.99107332277
4.98849771967
4.98592467253
4.98335417853
4.98420233051
4.98163629185
4.9830177126
4.98786081127
4.99077807883
4.99173035795
4.99268201084
4.99363303833
4.99654097716
4.99910513939
4.99975660975
5.00040787084
4.99989196891
4.99968495162
5.00258078349
5.00599535273
5.00677969709
5.00655345936
5.00996028167
5.00741904466
5.00488027887
5.00435760048
5.00411981173
5.00386592477
5.00726464413
5.00673162219
5.00420616321
5.00168314453
4.99916256361
5.00255625604
5.00201900715
4.99950370373
5.00095479421
5.00169804388
5.00361987322
5.00836492943
5.00585554794
5.00923155901
5.00672466369
5.00422017242
5.003679722
5.00342468891
5.00815199525
5.0115166997
5.00901910547
5.00652389588
5.00787686444
5.0073289334
5.00484025303
5.00235394264
4.99986999977
4.99931956373
4.99684068688
4.99436416696
4.99189000154
4.99524635276
4.99277459744
4.99504539979
4.99257677649
4.9901104952
4.99295373978
4.99049019235
4.99120103673
4.98874164227
4.98941202724
4.98695679988
4.99029889392
4.98784603718
4.98847769003
4.98602900391
4.98936537541
4.99219535603
4.99502220994
4.99257664952
4.99013338929
4.99478716659
4.99606037593
4.99855338948
5.00186885708
5.00518056648
5.00274088871
5.00554963996
5.00311263142
5.00559489222
5.00316076054
5.00540051774
5.0086990176
5.00626796916
5.00685376923
5.0044268251
5.00647052251
5.00404671222
5.00523753444
5.00281740826
5.00344474814
5.00623598617
5.01082830503
5.01541523132
5.01299791262
5.01627146915
5.02084770095
5.01843188016
5.01601829269
5.01360693626
5.01687250044
5.02013442447
5.02339271506
5.02098375605
5.01857701776
5.02183179967
5.02324359677
5.02600279463
5.02875902242
5.02986364401
5.02746262839
5.0250638153
5.02959673212
5.03100135429
5.03343081642
5.03585774464
5.03346275611
5.03797865833
5.03558509004
5.0331937075
5.03641668899
5.03860165077
5.04078440141
5.04528178721
5.04289334271
5.04050707147
5.04499777012
5.04948331051
5.04896753556
5.04873911429
5.04927260436
5.05198712716
5.04960836263
5.04723174962
5.04485728597
5.04462081043
5.04225073952
5.04544308738
5.04307521629
5.04430343417
5.04546014341
5.04607024758
5.04582336761
5.0434642095
5.04455552003
5.04773488187
5.04876238623
5.04640819954
5.05084551894
5.051813879
5.05272801866
5.05037812749
5.05354381665
5.05303707947
5.05252074294
5.05226487298
5.05174014354
5.04940172056
5.05255951777
5.05229239792
5.04995830372
5.05110822668
5.05057908979
5.05115398855
5.04882728489
5.05150377583
5.05464899645
5.05232474083
5.05000253403
5.04973046239
5.05129528957
5.04897833376
5.04666341559
5.04435053311
5.04701986636
5.04470935187
5.04784484449
5.04553640225
5.04322998615
5.04092559423
5.03862322455
5.03632287515
5.03402454408
5.03172822938
5.02943392908
5.02714164124
5.02980844518
5.03176643861
5.03285980972
5.03057188522
5.02828596163
5.02975651573
5.02747363637
5.02519275119
5.02291385825
5.02063695561
5.01836204133
5.01608911346
5.01669195807
5.01981298243
5.0175436197
5.01527623449
5.01301082485
5.01566776983
5.01340463113
5.01651946684
5.02084981141
5.0218887902
5.01962819149
5.0173695554
5.02047518383
5.0218555382
5.01959994409
5.02270016122
5.02044653906
5.02143029254
5.02452535744
5.0222750015
5.02394610799
5.02169857328
5.02433198024
5.02741858309
5.02834641484
5.02610245019
5.03038952425
5.03194344798
5.03250794147
5.0351274181
5.0377442664
5.03550458399
5.03603556797
5.03379934984
5.03641279542
5.03417878337
5.03563048874
5.03613153896
5.03390197505
5.03167431425
5.03398973487
5.0370466991
5.0412945576
5.04176383411
5.03953942211
5.0404114602
5.04128297161
5.04215395697
5.04519691704
5.04563666937
5.0498633177
5.05027315459
5.05162393188
5.04940886128
5.04719566075
5.04806307688
5.05109218191
5.04888217218
5.04667402464
5.04831208191
5.04785456552
5.04763181986
5.04841152673
5.05098634457
5.04878652614
5.05005702211
5.04959344976
5.04936080198
5.05354956007
5.05773389432
5.05748591187
5.05701231565
5.05675377718
5.05627276118
5.0560038758
5.05638991507
5.05611037441
5.05666909574
5.05618273724
5.06034603038
5.05816796413
5.06232622406
5.06203546505
5.06239463889
5.06291972873
5.06365141671
5.06148073468
5.06181667578
5.06231288698
5.06014699858
5.06312600977
5.06566418094
5.06791570601
5.06575230881
5.06359068146
5.06656149994
5.06702776333
5.06827978897
5.06612241036
5.06396679169
5.0618129314
5.06225525346
5.06010461498
5.06092016044
5.0617352453
5.0625498701
5.0604047177
5.05826130788
5.06029466764
5.06071292294
5.05857325562
5.05643532295
5.0542991234
5.05216465542
5.05511873745
5.05551556072
5.05338428976
5.0512547431
5.04912691923
5.04700081661
5.04487643371
5.04558305339
5.04346166421
5.04134198899
5.03922402619
5.03710777428
5.03499323175
5.03794132924
5.0358284857
5.03371734725
5.03439528836
5.03228712885
5.03018066869
5.02807590635
5.03215134333
5.03004762348
5.02794559792
5.02584526511
5.02991459932
5.03030670175
5.02820882984
5.02611264434
5.02401814373
5.02192532649
5.02229922783
5.02020951488
5.02426737365
5.02832112863
5.02623179389
5.02688164533
5.02479524611
5.02271051784
5.02306283954
5.02528939726
5.02320813096
5.02112852822
5.01905058752
5.02107256785
5.01899676803
5.01692262554
5.01485013889
5.01277930658
5.01358107702
5.01438240213
5.01518328241
5.01920958263
5.02323185271
5.02116484408
5.02172660799
5.02463224137
5.02256813207
5.02050566068
5.02340847109
5.0213476125
5.01928838774
5.01888413835
5.01866414526
5.02114509486
5.01909120683
5.01703894217
5.01823213303
5.02043936094
5.02244375297
5.02428641153
5.02405718838
5.02201051117
5.02280716524
5.02076322019
5.02052761426
5.02223528124
5.02019524493
5.02099288214
5.01895555957
5.01971623081
5.02044059614
5.02113027616
5.01909799557
5.01706730318
5.01503819757
5.01569822054
5.01367187598
5.01164711302
5.00962393025
5.01038983372
5.01222702144
5.0102070558
5.01239938257
5.01038132218
5.00836483239
5.0063499118
5.0103020518
5.00828807212
5.01074256184
5.00873033229
5.01043192016
5.01226281151
5.01025325436
5.00824525583
5.0121826676
5.01017560452
5.01090595954
5.00890155964
5.01175363944
5.01568065111
5.01812033688
5.02029396911
5.0209852811
5.02490055464
5.02289807099
5.02573483085
5.02770495668
5.0296733841
5.03148435471
5.03305350893
5.03501715158
5.03301863626
5.03355466098
5.03523159556
5.03323639052
5.03385840443
5.03186587134
5.03245915818
5.0304693057
5.03103503598
5.0290478721
5.02958713371
5.0324016485
5.03291290253
5.03092959272
5.02894779342
5.02960359621
5.0276244158
5.02929726845
5.0317040774
5.02972714779
5.0335911461
5.03639269663
5.03441664065
5.03244208361
5.03524100962
5.03326791676
5.03129631927
5.03514803438
5.03754308829
5.03557257143
5.03643929108
5.03766683074
5.0388934781
5.04005591815
5.04088011488
5.03891546872
5.03695230294
5.037740143
5.03577946952
5.0365318537
5.03457368501
5.03529234161
5.03597779022
5.03743102244
5.03547708707
5.03929750629
5.04311432745
5.0411606959
5.04497334707
5.04596726408
5.04401541049
5.04677958071
5.05058292982
5.04863193043
5.05243113977
5.05479418931
5.0571551724
5.06094520243
5.0589948738
5.06135116811
5.06513428999
5.06891387743
5.07165366628
5.07258527265
5.07222090054
5.07335931776
5.07314538919
5.07523437222
5.07796471894
5.0775925121
5.07910776884
5.0771652018
5.07906074737
5.07955563557
5.07917766343
5.07723963936
5.07530304208
5.07802416059
5.08177061287
5.08351044672
5.08157518378
5.08319014458
5.08692778218
5.08843310252
5.09114039231
5.0925501908
5.0906175735
5.09194478853
5.09001427199
5.08808516737
5.08933896695
5.09066563032
5.09154140457
5.09272567655
5.09080104857
5.08887782342
5.08695599994
5.08503557698
5.08569741068
5.0837793993
5.08340639011
5.08149131015
5.07957762287
5.07766532712
5.07997527651
5.08203478834
5.08012434658
5.07821529182
5.07784204426
5.08014791058
5.0807822404
5.07887727247
5.07697368387
5.07507147345
5.07580364856
5.07653545229
5.07726688501
5.07536891798
5.07347232136
5.07327424704
5.07138043789
5.06948799459
5.06759691602
5.06570720107
5.06939024705
5.069872084
5.06798426311
5.06609780135
5.06782074586
5.06968779201
5.07140793841
5.07300587712
5.07449917571
5.07590098268
5.07722151415
5.07846893961
5.07892433806
5.08010488429
5.08071171802
5.08114392669
5.08479568734
5.08591247965
5.08697325121
5.08509720023
5.08550620778
5.08598240953
5.08637021161
5.08449872213
5.0851623845
5.08617119972
5.08713167332
5.08749929926
5.08730012704
5.09092995956
5.09319409807
5.09545635087
5.09703153187
5.09966314344
5.09929905341
5.0974356134
5.09812413225
5.09881232304
5.09950018607
5.10040808653
5.10127365487
5.10189989997
5.10452061993
5.10415173511
5.10229641515
5.10192259773
5.1000700157
5.10089588354
5.10168405011
5.10429831663
5.10691036881
5.11049916226
5.11408478966
5.11668926036
5.11483860059
5.11707206999
5.11766300884
5.11965435667
5.12069184173
5.12250272556
5.12417062089
5.12473134228
5.12627960103
5.12984212514
5.13340152521
5.13695780565
5.13511132756
5.13546225859
5.13901338052
5.13934331061
5.13967326016
5.13783078036
5.13814292715
5.14071732367
5.14101006908
5.13917100501
5.14270930078
5.14334592714
5.14398227526
5.14461834537
5.14514467816
5.14557631943
5.14910330643
5.14871974717
5.14850666914
5.14667535313
5.14887062018
5.15142721058
5.15361874966
5.1532293318
5.15518310751
5.15737068562
5.15554275096
5.15514776849
5.15692345611
5.15652220652
5.15847077971
5.16010426039
5.16204991604
5.16022733467
5.15840598452
5.15800059137
5.15918584866
5.15736775207
5.15695792703
5.15750584039
5.15927419302
5.16104118831
5.16062528413
5.15881282339
5.15700157989
5.16048402569
5.16396348725
5.1644832108
5.16795812009
5.17143005607
5.16961910315
5.17112378205
5.17252934653
5.17384825216
5.17546414458
5.17641614481
5.1789287736
5.17712170398
5.18057744892
5.18403025116
5.18222347357
5.18567288319
5.18911935979
5.18731287887
5.18550760002
5.1864082572
5.18680538961
5.18829578387
5.19079248462
5.18899059207
5.19242510704
5.19062396096
5.18882400916
5.189124045
5.18732630715
5.18881340949
5.18701732452
5.18522242848
5.18342872053
5.18685422353
5.18643949403
5.18622679482
5.18651188135
5.18899666195
5.18877569565
5.18854703974
5.18812839404
5.18789277703
5.18610851969
5.18823682405
5.1888260214
5.18840368095
5.18896602924
5.18950236375
5.18772340439
5.18823561706
5.18781005388
5.18829845821
5.18876364114
5.18698990236
5.18888320054
5.19227811727
5.19567019991
5.19389698976
5.19346689896
5.19322840912
5.19349743905
5.19172894792
5.19129598933
5.19301399075
5.1963956777
5.19977455326
5.20222896217
5.2004623861
5.20256727624
5.20212704337
5.20188133639
5.2014366661
5.20480449223
5.20512291684
5.20336203588
5.20580740182
5.2076796755
5.20977530646
5.21147759061
5.21334560292
5.21669806457
5.21826280133
5.22035030929
5.21859165046
5.22015428124
5.22052410159
5.22188028475
5.22012456164
5.22042054816
5.22187012689
5.22322442422
5.22147170953
5.22355124944
5.2256291953
5.22895891017
5.22720719518
5.23053376232
5.23294892676
5.23119790619
5.23274865013
5.2344300871
5.23569320533
5.23394453174
5.23421949934
5.23247289978
5.23072740899
5.23144846451
5.22970483986
5.23027739637
5.23084973014
5.23142184136
5.22968179056
5.22923935062
5.22899136149
5.23229542914
5.23559681195
5.23533970335
5.23360358533
5.23429049167
5.2340278193
5.23229474927
5.23355332934
5.23182185426
5.23137831023
5.23111171378
5.2344017275
5.2339530117
5.23367930478
5.23322646256
5.23527707856
5.23499691777
5.23534692468
5.23362453002
5.23316879346
5.23521629601
5.23664286407
5.23635757105
5.23463925541
5.23646494321
5.23884440035
5.24026760741
5.2426438238
5.24590868231
5.24756449416
5.25082483043
5.25285761383
5.25339547967
5.25393315247
5.25447063236
5.25683438548
5.25737066962
5.25917945173
5.26153882547
5.26356192682
5.26680357579
5.27004263761
5.27120391385
5.27355416477
5.27464953978
5.27666317658
5.27816946497
5.27867232258
5.27970667134
5.2814994046
5.28247908543
5.2807688032
5.28398910496
5.28538311236
5.28367391021
5.28447558966
5.28681020651
5.28510273056
5.28831431236
5.29064500294
5.29385188853
5.29617865983
5.29817257674
5.29946636953
5.30124283014
5.30323273984
5.30500654932
5.30661955183
5.30810434407
5.31129346339
5.31448007073
5.31766416926
5.31812786902
5.31861476737
5.3191015156
5.31958811379
5.32002879865
5.32033129794
5.31862988439
5.31964141422
5.32006075005
5.3197560648
5.31928760392
5.31897739464
5.32073541543
5.32097184955
5.32065553783
5.32178452768
5.32407931279
5.32375636509
5.32328484197
5.3237251361
5.32339713424
5.32568760904
5.32535321475
5.32487829955
5.32453878551
5.32613057844
5.32635128833
5.32781608771
5.32917567491
5.33044517892
5.33163592158
5.33275669847
5.3310752619
5.33131058062
5.33153044292
5.33311505747
5.33143670746
5.333712257
5.33684522445
5.33997576759
5.34310388943
5.34622959296
5.34935288119
5.34985265641
5.35179191718
5.35405307392
5.35631255923
5.35748807946
5.35866285815
5.35976822111
5.36121043341
5.3625484839
5.363019378
5.3643560402
5.36545793104
5.36573077846
5.36883079723
5.37007563891
5.36840234748
5.36673003228
5.36828937805
5.36917236616
5.37060636011
5.37164231456
5.37183515452
5.37016649804
5.3703752577
5.37055459459
5.36888867753
5.36905478752
5.36920712124
5.36934600478
5.36768375239
5.36866356944
5.36700282639
5.36745062189
5.36817394908
5.36651559033
5.36694203337
5.36528540996
5.36362974341
5.36455925612
5.36548824162
5.36636988788
5.36471688309
5.36306483115
5.36141373156
5.36180184104
5.36217030548
5.36523729204
5.36746161997
5.36699525678
5.36665924243
5.36888093621
5.36723428133
5.36758225864
5.37063975602
5.37104506263
5.3713734564
5.37442628634
5.37408433516
5.37439405427
5.37468653194
5.37304522874
5.37269952551
5.37106023983
5.36942188889
5.36778447221
5.36614798928
5.3645124396
5.36287782269
5.36592194448
5.36896378178
5.37085690057
5.36922268506
5.37226010442
5.37062648536
5.37231309806
5.37068063553
5.37371340166
5.37591402395
5.37617550331
5.37454446531
5.37291435377
5.37444585804
5.37552900586
5.37655169018
5.37796034226
5.38015390507
5.37852632846
5.38040640054
5.38142619036
5.37980017358
5.38048246952
5.3814475218
5.37982357669
5.38283550493
5.3812121499
5.38308688259
5.38263040797
5.38100921021
5.37938892662
5.37977444029
5.37815582134
5.37653811449
5.37775661599
5.37614022748
5.3767923449
5.37846255684
5.37684793653
5.37799092499
5.37753700458
5.37592481607
5.37431353307
5.37539093035
5.3737810118
5.37469624542
5.37556557512
5.37639230411
5.37717929641
5.37792905928
5.37632283664
5.37471751261
5.37543346581
5.37611639751
5.37676806877
5.37739006555
5.37578812084
5.37877017235
5.37716879849
5.37933533328
5.37992828971
5.38049435769
5.37889519022
5.37729691294
5.37774660955
5.37819617877
5.37864562067
5.37705033951
5.37545594454
5.378426488
5.37683265785
5.37523971277
5.37739871403
5.37782802828
5.37803816516
5.37644760998
5.37829881984
5.37968660476
5.38081969671
5.37923088742
5.37963983961
5.38092845463
5.38048636836
5.38016599449
5.38042025117
5.38170741357
5.38012371996
5.3817708018
5.38341679313
5.3818343865
5.38151043293
5.3827124666
5.38238337375
5.38080421662
5.37922592662
5.37984631056
5.38148965354
5.38104896434
5.37947339879
5.37990345255
5.38033339315
5.38076322062
5.38032038659
5.38245780887
5.38088620942
5.38127700108
5.38083116104
5.38296588906
5.38509914468
5.38550771484
5.38572007915
5.38785037712
5.39077506973
5.39290211903
5.39328879139
5.39367538438
5.39434850707
5.39647166934
5.3993873392
5.40101317925
5.40141615707
5.40181904223
5.40222183475
5.40245766926
5.402006346
5.40237179637
5.40271933961
5.40332984874
5.40176973106
5.40467311518
5.40311353135
5.403443953
5.40634391259
5.4092418081
5.41105090126
5.41223038989
5.41280991624
5.41391698961
5.41680731595
5.41890818858
5.41989213849
5.41833516262
5.42043362583
5.4213175466
5.42086253827
5.42053188881
5.42108235358
5.41952929863
5.41907233934
5.41959878887
5.42169195258
5.42014136815
5.41968155413
5.42255597615
5.42308113828
5.4215327109
5.41998510609
5.42034605764
5.42056525385
5.41901989355
5.41952304866
5.41797913457
5.41832367076
5.4201151618
5.42104352029
5.41950169246
5.41796068061
5.42004435776
5.42212663142
5.42058644986
5.42025936281
5.42083556825
5.42369247257
5.42215434659
5.42169833744
5.42253466545
5.42220370545
5.42066881284
5.42212081054
5.42058697493
5.42012982422
5.42041025978
5.42060568553
5.42115629355
5.42142156908
5.41989226214
5.42014357533
5.41968527352
5.41815846016
5.41663244648
5.41687121151
5.41971279928
5.42148997745
5.42171333185
5.42138375398
5.42344966618
5.42365909949
5.42332474663
5.4228654929
5.42252713055
5.42271134218
5.422368775
5.42190745938
5.42039060698
5.42216189591
5.42393203795
5.42445734908
5.42411127943
5.42364768041
5.42213433203
5.42390215418
5.42566883426
5.42743437349
5.42592215046
5.42642379004
5.42663458619
5.42868635654
5.42916494881
5.43073919183
5.43160975109
5.43180611087
5.43356514148
5.43532304062
5.43707980951
5.43726184202
5.43930441996
5.4396808755
5.44005725353
5.44043355404
5.44247265452
5.44200666951
5.44165730165
5.44267260724
5.44546789508
5.44511347421
5.44558631739
5.4440846127
5.44258367336
5.44222699919
5.44176071389
5.44221395124
5.44071624083
5.44350461259
5.44553465193
5.44727796087
5.44578084818
5.44428449589
5.44381668111
5.44424924543
5.44441964244
5.44292630806
5.44143373062
5.43994190982
5.43947424445
5.4412153208
5.44162975472
5.44195630557
5.44215364944
5.44066557835
5.44106170608
5.43957500079
5.44112873159
5.43964295513
5.43815792862
5.43853722261
5.4380708988
5.43658817351
5.43800411764
5.43753542341
5.43605460584
5.43457453379
5.43309520695
5.43161662498
5.43013878757
5.42967162732
5.42920137499
5.42772613839
5.42625164361
5.42477789032
5.42509673221
5.42362435139
5.42215271059
5.42252169695
5.4228906087
5.42325944584
5.42179037592
5.42032204297
5.41885444666
5.42027013497
5.42118082083
5.41971458522
5.41824908446
5.41678431822
5.41532028618
5.41569255417
5.41600076827
5.41453869983
5.4160881628
5.41462699178
5.41635723513
5.41671278592
5.41844137205
5.42016887669
5.42189530099
5.42343941685
5.42198014228
5.42398344023
5.42252488922
5.42424824139
5.42578962339
5.42751089274
5.42923108894
5.4309502131
5.43266826635
5.43466329306
5.43637910543
5.43809385028
5.43962716632
5.44133984579
5.44305146101
5.44503944325
5.446568734
5.44827712737
5.4499844609
5.45169073571
5.45321611979
5.45349842227
5.45547883286
5.45745798586
5.45943588258
5.46113611
5.46283528611
5.46453341198
5.46307840183
5.46578285447
5.46610660095
5.46880835636
5.46735414114
5.46886907307
5.47038309145
5.47099038667
5.47368639484
5.47223347347
5.47078126516
5.47247137587
5.47101998482
5.46956930584
5.46811933861
5.46980872273
5.47249884633
5.47418579176
5.47687275101
5.4772259783
5.47577699914
5.47846102555
5.47701249732
5.47869527459
5.47724755978
5.47992792068
5.48188189108
5.48455901061
5.48531534023
5.48386826509
5.48242189659
5.48097623441
5.48265380343
5.48291488636
5.48441381528
5.48296974807
5.48152638497
5.4800837257
5.4815822647
5.48191875174
5.48328451519
5.4836205212
5.48395647241
5.48429236881
5.4857872793
5.48434821286
5.48290984531
5.4830951409
5.4816581086
5.48315221223
5.48269802155
5.48236911382
5.48346585861
5.4861222876
5.48468785657
5.48325411984
5.4829221477
5.48458864477
5.48315652094
5.48172508952
5.48139054064
5.48288054652
5.48454500204
5.48311534278
5.48342210944
5.48199372545
5.48056603057
5.48222926163
5.48177820435
5.48144207707
5.48408625194
5.48466095164
5.48420699935
5.48386697117
5.48341061094
5.48450222823
5.486429022
5.48675066784
5.48640704754
5.48695631723
5.4864975758
5.48815298358
5.48844464659
5.48875091892
5.48840424953
5.48988345852
5.49153563856
5.49301305157
5.4956395323
5.49728846105
5.49853086224
5.49711397809
5.4985877074
5.49913248228
5.50175231037
5.50271265263
5.50129718701
5.50276773684
5.50467708645
5.50658526795
5.50805293441
5.51066440554
5.51256899584
5.51347331566
5.5142493459
5.51476534778
5.51503537468
5.51636939382
5.51737904816
5.51901231341
5.51996420471
5.52142345874
5.52227726613
5.52334747182
5.52351475749
5.52441356412
5.52604159467
5.52863494883
5.53122666181
5.53381673525
5.53570439998
5.53829144481
5.53991225845
5.54153211427
5.54186863853
5.54331556279
5.54463419433
5.54595208038
5.54853045174
5.54974494355
5.55050585884
5.55171916504
5.55284751033
5.55360707417
5.55473432531
5.5566074663
5.55804564008
5.55909866
5.56166522867
5.56197992238
5.56358549682
5.56545269851
5.56731877621
5.56852327412
5.57108226368
5.56967524541
5.5712758478
5.572705355
5.57342090113
5.57413612451
5.57481765126
5.57341280762
5.57500982783
5.57756015368
5.58010888641
5.57963970516
5.57927879387
5.57787586314
5.57973008913
5.5813222698
5.58243431653
5.58196312338
5.58159920554
5.58175205078
5.58138484963
5.58091216578
5.58054193354
5.58196183237
5.58158795245
5.5841247032
5.58364958165
5.58327217023
5.58356647957
5.58498343287
5.58460264799
5.58474485883
5.58502435598
5.58660794735
5.58913666782
5.59166382219
5.59307578386
5.59448694662
5.59577230164
5.59734996965
5.59816904429
5.59830781671
5.59940856444
5.60050872763
5.60208292078
5.60069249073
5.60146859097
5.60304134763
5.60165203186
5.60026334489
5.60039178037
5.60290398571
5.60430709741
5.60291958423
5.60474673252
5.60614828424
5.60771613241
5.60841578756
5.60981515994
5.61108963094
5.61248747506
5.61366166261
5.61475305002
5.61336788823
5.61349359775
5.61360895763
5.61488027642
5.61615089824
5.61771096391
5.61632813223
5.61643296963
5.61652791721
5.61514690726
5.61523277948
5.61679097981
5.61541129815
5.61568358137
5.61430505738
5.61569628335
5.61431853692
5.61587487615
5.61449785042
5.61478521673
5.61507255353
5.61535986082
5.6178438077
5.61923140051
5.61785653665
5.61648228611
5.61674125623
5.6153681582
5.61399567246
5.61262379879
5.61125253699
5.61373181632
5.61236095656
5.61099070814
5.60962107084
5.60924821459
5.60787993616
5.60651226767
5.60613764962
5.60477133783
5.60491518275
5.60453832657
5.60467196287
5.60622220604
5.60869448288
5.60733056269
5.60758068991
5.60621790998
5.60485573529
5.6049900837
5.60679010909
5.60542912554
5.60570751928
5.60598588804
5.60626423181
5.60490541814
5.60354720639
5.60456127454
5.60320393949
5.60500060529
5.60679623397
5.60764663367
5.60918912765
5.6109820487
5.60962578342
5.60975017947
5.61129056078
5.60993556174
5.60858116082
5.60722735781
5.6090178776
5.61039398358
5.60904094353
5.60768850038
5.60633665391
5.60498540392
5.60525188553
5.605518349
5.60578479429
5.60443569244
5.60308718489
5.60173927142
5.60186826857
5.60052150968
5.60296932934
5.60162295704
5.60340839038
5.60519280184
5.60384704696
5.60250188411
5.60319642164
5.60456852
5.60635039222
5.60715372446
5.60742073928
5.60607754581
5.6047349418
5.60429241287
5.60392827734
5.60418351108
5.60373908461
5.60239978601
5.60195358641
5.60438862488
5.60463126035
5.60329360073
5.60341495161
5.60584693671
5.60679197014
5.6054555289
5.60411967098
5.60278439617
5.60144970429
5.60214292742
5.60080918266
5.60323689163
5.6019035253
5.60432959733
5.60388464503
5.60352289659
5.60219135139
5.6039616083
5.60548440949
5.6041535458
5.60282326135
5.60418551379
5.60542817642
5.60618891571
5.60733576793
5.60975242826
5.60988420178
5.60855571327
5.609622302
5.60829462784
5.60838938023
5.61080190003
5.61321300416
5.61562269395
5.61429554909
5.61437995206
5.61450156243
5.6131760904
5.6132524002
5.61332014879
5.61199636585
5.61210976835
5.6107871009
5.6103457611
5.60998628908
5.60962379287
5.60830380961
5.60840976031
5.6108115848
5.61108130468
5.61071641623
5.61081291574
5.61321146428
5.61560861475
5.61735899896
5.61975356536
5.61843564066
5.61711828182
5.61720460909
5.61959673887
5.61828029509
5.61978388076
5.61934234419
5.61897493045
5.61766054583
5.61940572312
5.61896264485
5.6192179959
5.61790538695
5.6180200575
5.61757578128
5.61626497886
5.61495473629
5.61364505339
5.61233592995
5.61241712135
5.61110909863
5.60980163442
5.61093555844
5.60962885582
5.60970297315
5.60976879911
5.60846374015
5.60715923763
5.60740702293
5.60610356142
5.60480065545
5.60524549192
5.60674426652
5.60544242076
5.60414112939
5.60284039222
5.60154020906
5.60180282222
5.60206541452
5.60232798594
5.60102978606
5.59973213825
5.5984350423
5.59800258199
5.59764842907
5.59635325075
5.59718941445
5.59589507758
5.59460129029
5.59330805239
5.59287645667
5.593534769
5.59318084913
5.5918898657
5.591457125
5.59016737973
5.59253565268
5.59267249374
5.59138360738
5.59374968079
5.59331533977
5.59343390088
5.59492654186
5.59448999112
5.59413563305
5.59377845618
5.59334044929
5.59205589586
5.59169698314
5.59182600853
5.59138709907
5.59164270644
5.59036101682
5.59061707296
5.58933638814
5.58889704362
5.58845550884
5.58979056342
5.59072095342
5.58944255266
5.58969933335
5.58995609518
5.59021283811
5.58893636259
5.58918162752
5.58790615194
5.58663120994
5.58535680135
5.58408292598
5.58521069781
5.58393754284
5.58498925555
5.58371684386
5.58395274357
5.58567421985
5.58592121789
5.58616820262
5.58641517399
5.58653092477
5.58801370832
5.58766106707
5.58730570079
5.58777500993
5.58741704797
5.5869812106
5.5865432287
5.58610311867
5.58635074475
5.58700745603
5.5882205962
5.58777854802
5.58741956192
5.58697580935
5.58721202955
5.58685096193
5.58640572662
5.5887394429
5.58881490121
5.5897958075
5.59212671439
5.59360102354
5.59404959777
5.59479934762
5.59542448399
5.59549082922
5.59423237501
5.59297443765
5.59171701698
5.59243252449
5.59335451601
5.59346283032
5.59220696729
5.59095161937
5.59166694768
5.59172794084
5.59404893592
5.59360480429
5.59324453334
5.59288167262
5.59458271237
5.5968999333
5.59653376522
5.59528192989
5.59593362772
5.59658506094
5.59720843331
5.59595808269
5.59551393395
5.59613747066
5.59577063136
5.59452241129
5.59407737218
5.59363033274
5.5932623813
5.59201661507
5.59077135492
5.59032402962
5.58995523194
5.5911559351
5.58991261588
5.59016229969
5.58979171147
5.59148483605
5.5915725576
5.59033129861
5.58909054202
5.58917143558
5.58924466942
5.59070474157
5.59077012457
5.58953141319
5.58958991085
5.58982909366
5.59113769834
5.58990053487
5.59003161271
5.59100264954
5.59110818078
5.58987268226
5.59090633258
5.5917723895
5.59053783029
5.58930376784
5.59075916446
5.58952566481
5.58829266138
5.58841665461
5.59070894584
5.59239188899
5.59407394241
5.59636282488
5.59513040427
5.59389847858
5.59534939384
5.59411802922
5.59288715898
5.59456642111
5.59468114725
5.59345123858
5.59369088653
5.59393052173
5.59417014413
5.59294202482
5.59439016197
5.59316259997
5.5919355295
5.59070895041
5.58948286256
5.58991506135
5.588689836
5.59096915905
5.59199672112
5.59242816547
5.59199324753
5.59163227518
5.59119579551
5.59083279079
5.59046740131
5.58924613212
5.58880910955
5.58837018251
5.58800378331
5.59027665263
5.58990746579
5.5900099771
5.58956971854
5.58919879157
5.58882555827
5.58760937599
5.5878636506
5.58664836922
5.58543356946
5.58566673544
5.58589989139
5.58613303726
5.58637698572
5.58516435893
5.58539790429
5.58706375678
5.58932754351
5.58811562663
5.5890768307
5.58972406043
5.59063039696
5.5912500595
5.5921076492
5.59270138777
5.59351512586
5.59408440219
5.59485829427
5.5954044173
5.5961418026
5.59687887642
5.59693723247
5.59572952877
5.5957814012
5.59457464377
5.59462015543
5.59341434492
5.59345361477
5.59348628176
5.59370829206
5.59250432514
5.59130082959
5.59009780527
5.58889525204
5.59054979125
5.58934770186
5.58814608312
5.58694493488
5.58574425701
5.58717404294
5.58597389409
5.58477421512
5.58701966071
5.5872444419
5.58746921651
5.58769398451
5.5864958366
5.58671084861
5.58551358586
5.58775504922
5.58785606099
5.58665953313
5.58669045144
5.58764515972
5.58644976582
5.58525483811
5.58528018699
5.58529929442
5.58410577517
5.58291272093
5.58292663225
5.58173451544
5.58054286292
5.58055167824
5.58145325359
5.58145598029
5.58026594946
5.58191110709
5.58072152988
5.57953241517
5.58095488198
5.58223262319
5.58300439629
5.58523379781
5.58640253724
5.58521423455
5.58402639303
5.58360707313
5.58325240263
5.58433549131
5.58597480361
5.58698594796
5.58580005839
5.58579778129
5.58544127571
5.58425689099
5.58424957691
5.58306612197
5.58188312452
5.5832993541
5.58403381632
5.58544883677
5.58543615577
5.58670709718
5.58668861313
5.58633180921
5.58515124569
5.5851279912
5.58654066468
5.58536108399
5.58418195743
5.58534513065
5.58416658488
5.58543542083
5.58651306102
5.58872461599
5.58967053588
5.59008637243
5.5889088815
5.58980175859
5.58862492422
5.58744854173
5.5886083922
5.58743258764
5.58783357502
5.58807246362
5.58947909984
5.59017710996
5.59070014782
5.59136776446
5.59187049346
5.59069708491
5.58952412531
5.59016394262
5.59064794549
5.59126121684
5.59172672408
5.59231502882
5.59325655706
5.59322956327
5.59205919565
5.59202739466
5.59225579279
5.59221885713
5.5923189105
5.59227695197
5.59110925408
5.59152469153
5.59147816186
5.59236619046
5.59119994206
5.59159996918
5.59218756716
5.5910223872
5.59321252022
5.59482647
5.59701448902
5.59739806195
5.59623330748
5.59506899433
5.59725490696
5.59864895819
5.5974849646
5.59770306766
5.59653990471
5.59537718208
5.5965253817
5.59870732275
5.59754498912
5.59915288754
5.60075998361
5.59959807112
5.59843659798
5.59727556405
5.59611496921
5.59495481333
5.5956790473
5.59451957249
5.59336053608
5.59220193797
5.59334810467
5.59219006567
5.59103246448
5.58987530097
5.59126502103
5.59265406604
5.59149744191
5.59034125483
5.58918550467
5.58803019131
5.58687531462
5.58572087447
5.58456687072
5.58341330326
5.58226017196
5.58110747667
5.58071274075
5.58127841244
5.58094108528
5.57979020373
5.57992110006
5.57877105854
5.57762145102
5.57770970681
5.57656094996
5.57616743558
5.57627035425
5.57512299533
5.57397606878
5.57282957445
5.57243614663
5.57129063558
5.57014555603
5.57027264565
5.56912840053
5.56798458627
5.56684120275
5.56711118655
5.56596859526
5.5648264341
5.56576346633
5.56462190781
5.5634807789
5.56564405798
5.56450318496
5.56336274124
5.56222272668
5.56248397602
5.5631524152
5.56201343839
5.56224514338
5.56247683223
5.56270850493
5.5615710639
5.56182264052
5.5619250796
5.56159873112
5.5612702819
5.56265315227
5.56151799956
5.56038327195
5.56005360586
5.55891982744
5.55998082839
5.55884760808
5.55771481182
5.55733161317
5.55619977861
5.55642458928
5.55664938717
5.55687417228
5.55649025061
5.55671518033
5.55632969565
5.55757252081
5.5587128836
5.55758420138
5.55973242853
5.56087157052
5.56170859335
5.56058046252
5.56079554904
5.56217199762
5.56242463935
5.56267725238
5.56405236202
5.56619440935
5.56756799718
5.56780954453
5.56904566474
5.56925886365
5.56947205565
5.5696852407
5.56978187325
5.56939532956
5.56906773671
5.56794404204
5.5675566513
5.56722784662
5.56610561225
5.56733965601
5.56803146676
5.56940049852
5.56979255817
5.56940418396
5.56828355886
5.56716334654
5.56677436742
5.56638373655
5.56605516758
5.56493693619
5.56616876429
5.56583856522
5.56472133475
5.56433061691
5.56487544902
5.56454413521
5.56577469132
5.56465925459
5.56432634183
5.56545565405
5.56506430663
5.56395041954
5.56283694033
5.56244502746
5.56211168721
5.56171847952
5.56060696471
5.55949585626
5.55838515404
5.55727485795
5.55616496786
5.55704110162
5.55776371595
5.55845549863
5.55911865999
5.55801001975
5.55864671439
5.55753871725
5.5581506352
5.55837837357
5.55896664037
5.55785989338
5.55675354974
5.55564760934
5.55454207206
5.55343693778
5.55500481209
5.55390006211
5.55279571478
5.55301640182
5.55191280682
5.55201258759
5.55090977709
5.55174053371
5.55216619439
5.5528295383
5.55361992887
5.55425643776
5.55484488013
5.55494450376
5.55384385289
5.5527436016
5.55164374976
5.55375207785
5.55265245755
5.55363073711
5.55372480753
5.55429107241
5.55533421602
5.55743873755
5.55634024447
5.55844356067
5.5573452989
5.55696178132
5.55663762946
5.55819537865
5.55709849846
5.55600201503
5.55649042938
5.55760990642
5.55728455719
5.55618933359
5.5558625843
5.55547969069
5.55515136198
5.55576114618
5.55637070585
5.55695703562
5.55586441462
5.5567330547
5.55882746045
5.55844357165
5.5573518499
5.55626052089
5.55587609656
5.5547856645
5.55687783313
5.55896897653
5.55787860606
5.5567886275
5.55640346889
5.55601678655
5.55492820623
5.55701712142
5.55739917101
5.55701123085
5.55592367449
5.55713603147
5.55674697384
5.55566038074
5.55634652666
5.55644345995
5.55705129739
5.55596590952
5.55621581446
5.55513114386
5.55554095074
5.55445695359
5.553373344
5.55229012187
5.5525320112
5.55267050856
5.55158836083
5.55050659971
5.55137217269
5.55150433877
5.55172028959
5.55193622832
5.55215215494
5.55107230595
5.55314995345
5.55207032557
5.55099108244
5.54991222397
5.55102271092
5.55165477165
5.55219801518
5.55187859966
5.55211232781
5.55103522203
5.55071457629
5.54963832958
5.54976535371
5.55097142388
5.55250916038
5.55457965479
5.55350403118
5.55318195386
5.55210718698
5.55103280142
5.55223700241
5.55344066436
5.55236679543
5.55198650898
5.55250970269
5.55143695195
5.55111504091
5.55073412408
5.54966271425
5.54978428374
5.54988053933
5.54881022335
5.54848807397
5.54741860762
5.54634951919
5.54596972477
5.5449014999
5.54555860508
5.54709043412
5.54676800361
5.54570081436
5.54463400159
5.5457385759
5.54467223056
5.54360626132
5.54254066806
5.54265882632
5.54159396037
5.54052946988
5.53946535475
5.53840161486
5.53861518273
5.53882873845
5.53904228201
5.54057097338
5.53950856091
5.53844652246
5.53977533635
5.53871370174
5.53765244081
5.53659155345
5.53553103955
5.53673022968
5.53567015262
5.53699794925
5.5359382747
5.53487897299
5.53382004402
5.53276148768
5.53170330387
5.53280594928
5.53174822577
5.5306908744
5.53107989056
5.53002318615
5.53122102456
5.53016475408
5.52910885498
5.52934267744
5.53053983492
5.53173646384
5.53068137483
5.53187753772
5.53082288128
5.53201857853
5.53334211329
5.53453672285
5.53573080596
5.53692436301
5.53811739439
5.53706344741
5.53825601591
5.53944805959
5.54063957884
5.5417353473
5.54283064183
5.54486792766
5.54605718154
5.54724591299
5.54843412241
5.54994656565
5.55103859453
5.55235297615
5.5535390081
5.55485224926
5.55616490417
5.55767355857
5.55876245714
5.55985088665
5.56103370247
5.56221600054
5.5625841908
5.56153178431
5.56284075398
5.56305881512
5.56200711941
5.56256274813
5.56151164395
5.56046090493
5.55941053096
5.56042119615
5.55937129444
5.5605515106
5.55950203669
5.55970528175
5.55990851837
5.56011174655
5.56105850796
5.56214264616
5.56416073356
5.56311262773
5.5633231898
5.56341745942
5.56237037277
5.56345306919
5.56240643203
5.56390468011
5.56285838462
5.56181245106
5.56289437506
5.56184889008
5.56080376665
5.56230068564
5.56330682409
5.56448144678
5.5634368325
5.56239257914
5.56369313101
5.56264926811
5.56285279424
5.56248945766
5.56218124781
5.56335450716
5.56231227943
5.56194814332
5.56163880866
5.56132777643
5.56250022429
5.56311935697
5.56275427307
5.56244171495
5.56328334543
5.56291711026
5.56260310794
5.56460629554
5.56356782366
5.56325226404
5.56221459022
5.5632911287
5.56225389535
5.56188776788
5.56208473255
5.56357267465
5.56325643801
5.56222074303
5.56338926723
5.5643897633
5.56546411824
5.56442902546
5.56339428647
5.56235990116
5.56365238136
5.56261837775
5.5615847275
5.562584394
5.56457883045
5.56557741095
5.56576662606
5.56473369206
5.56370111059
5.564866199
5.56383402977
5.56280221272
5.56344354987
5.56451508922
5.56348390034
5.56245306308
5.56352431687
5.56389223831
5.56488890734
5.56605166573
5.56654716211
5.56783364371
5.56890245719
5.56915617919
5.57022430027
5.57031626974
5.57147623657
5.57345892248
5.57493346753
5.57609165972
5.5763350507
5.57740010694
5.57796759396
5.57818567662
5.58016379724
5.5807101296
5.58127657423
5.58233931782
5.58316896125
5.58337801909
5.5853523798
5.58650553312
5.58797285648
5.58903285025
5.59018447637
5.59039991891
5.59051156247
5.59014740036
5.58983224128
5.59098267255
5.59118244849
5.59086568617
5.59054732919
5.59160492035
5.59181243916
5.59286936201
5.59483484442
5.59502637165
5.59699050459
5.59804542625
5.59702143348
5.59800293742
5.59697938972
5.59743343367
5.59761720933
5.59853724447
5.59861933131
5.60057894257
5.59955657364
5.6007006115
5.60265849793
5.60343888569
5.60241692638
5.60139530856
5.60285004165
5.60480538933
5.60554850549
5.60668947476
5.60566825771
5.60693154696
5.60807158456
5.60921114194
5.60819041663
5.60923837723
5.60934177962
5.60943940294
5.61041393073
5.61146064883
5.61201676633
5.61099749519
5.61244546122
5.61341847212
5.61439108724
5.61448797517
5.61346954836
5.61365803958
5.61384652651
5.61403500912
5.61301780968
5.6139292728
5.6149728917
5.61395622826
5.61293990185
5.613983256
5.61296734909
5.61422298106
5.61431506423
5.6132998424
5.61474236586
5.61618426149
5.61516934173
5.61621078175
5.61519628028
5.61418211454
5.61316828444
5.61351220441
5.61359953215
5.61258661093
5.61281521506
5.61180291184
5.61079094325
5.60977930921
5.60985705036
5.60884607049
5.60783542472
5.60682511298
5.60581513517
5.60706765064
5.60605803489
5.60799127572
5.60832537793
5.60840950249
5.6074006519
5.60639213433
5.60661467732
5.60560677466
5.60525320938
5.60494373099
5.60393699743
5.60412241513
5.60430782914
5.60449323943
5.60348770795
5.60313430855
5.60212953045
5.60112508301
5.60134142159
5.60098767699
5.59998426309
5.59898117912
5.59797842502
5.59697600068
5.59730217729
5.59630033599
5.59529882406
5.5942976414
5.59329678794
5.59229626358
5.59129606824
5.59029620182
5.58929666424
5.58829745541
5.58729857524
5.58630002364
5.58530180052
5.5843039058
5.58330633938
5.5834909032
5.58461981057
5.58362291217
5.58262634153
5.58163009855
5.58063418315
5.57963859524
5.57864333472
5.57764840151
5.57665379551
5.57857570543
5.57758128606
5.57658719369
5.57677393275
5.57696066665
5.57714739535
5.5773272155
5.57757464059
5.57778289147
5.57679080352
5.57687572373
5.57588426792
5.5773144458
5.57697241285
5.57667677875
5.57859294915
5.57760246627
5.57661230765
5.57562247319
5.57579645811
5.57611775643
5.57635767145
5.57536895978
5.57438057141
5.57339250626
5.57240476423
5.57364880398
5.57330847993
5.57301418093
5.57405000818
5.575961119
5.57617800274
5.57519161479
5.5753597035
5.57567121444
5.57602445223
5.57503915511
5.57474410262
5.57521511302
5.57423074042
5.57324668833
5.57428046694
5.57398464959
5.57300138409
5.57442390336
5.57344093585
5.57365149015
5.57381410834
5.57347572126
5.57317947156
5.57219817246
5.57243191244
5.5714511963
5.57111269433
5.57077293322
5.57219314072
5.57121352475
5.57023422635
5.5692552454
5.56827658185
5.56885629455
5.56956127913
5.56964614463
5.57060724536
5.57079781591
5.56982045762
5.57105650563
5.57007948474
5.56910277991
5.56812639105
5.56831098588
5.5679732097
5.56768013869
5.56891520591
5.56902722919
5.56937118938
5.56839672155
5.56883862757
5.56979771164
5.57069850102
5.56972474519
5.56990273414
5.57113535198
5.57134046936
5.57229807311
5.57240450544
5.57325424194
5.57228184913
5.5724798158
5.57214250471
5.57184950356
5.57204078073
5.57315360016
5.57395910935
5.57366461068
5.57389152702
5.57406261965
5.57372476153
5.57342926546
5.5736137082
5.57331688926
5.57297839559
5.57315644447
5.5728168572
5.572476063
5.57264786401
5.57168134167
5.57356433094
5.57378416582
5.57394945911
5.57298364038
5.5730861004
5.57316825088
5.57504868972
5.57615677233
5.57661024699
5.57677516458
5.57693385284
5.57596957927
5.57500561215
5.57622900255
5.57745189349
5.57760452552
5.57664117779
5.57567813594
5.57471539988
5.5748131211
5.57385097677
5.57288913785
5.57476381307
5.57380214414
5.57284078043
5.57187972186
5.57091896835
5.57106769422
5.57010751848
5.5702941324
5.57048073875
5.57066733752
5.56970825664
5.5687494797
5.57014830793
5.57070296079
5.57120351899
5.57091227914
5.57192969699
5.57226264469
5.57196998141
5.57211322699
5.57115641117
5.57019989763
5.56990670567
5.56895086885
5.56908929694
5.56957363391
5.5704644911
5.57054509244
5.56959040165
5.56863601188
5.56768192307
5.56734989811
5.56639649228
5.56826079253
5.56730755278
5.56806895891
5.56816540724
5.56721287324
5.56734672389
5.56701462081
5.56606303923
5.56511175707
5.56416077424
5.56387051722
5.56292020393
5.5625886725
5.56331622741
5.56426243635
5.56444538957
5.56462833625
5.56481127636
5.5666695186
5.56676223472
5.56689137406
5.56758647147
5.56663837762
5.56569058082
5.56678792634
5.56584047031
5.56650727283
5.56556025782
5.56461353937
5.56366711741
5.5647638704
5.56381778828
5.5648291006
5.56592505065
5.56686781101
5.56592221092
5.56631098844
5.56648791063
5.56666482871
5.56684174266
5.56714712629
5.56620302858
5.56628276502
5.56595388093
5.56566659315
5.56472380786
5.56566515435
5.56537680071
5.56443475167
5.56507429785
5.56478495716
5.56508183731
5.56692800041
5.56598685185
5.56707882742
5.56765012421
5.56670947448
5.56576911715
5.56544127975
5.56515160795
5.56552873305
5.56520003594
5.56490931343
5.56397092374
5.56303282512
5.56270395086
5.56241285282
5.56270163406
5.56176478581
5.561435456
5.56114370592
5.56020787888
5.55927234148
5.55833709364
5.56017712969
5.55924203927
5.55830723823
5.5573727265
5.55643850402
5.55672024953
5.55578654352
5.55485312641
5.55585870392
5.55492563566
5.5554600858
5.55573381412
5.55480143137
5.55386933684
5.55293753046
5.55200601214
5.55107478183
5.55014383943
5.55022558471
5.54929520181
5.54836510647
5.54743529862
5.54650577819
5.5455765451
5.54464759927
5.54573663293
5.54480801358
5.54502468317
5.54470286386
5.54522134145
5.54493667647
5.54514666666
5.54615076181
5.54582809346
5.54554235731
5.54525533846
5.54493199146
5.5446439133
5.54431967882
5.54403054932
5.5437401599
5.5434152609
5.54312383554
5.5433279698
5.54515625886
5.54526918306
5.54663909583
5.54800845774
5.54708543513
5.54728237334
5.54828321017
5.54839079989
5.54847036574
5.54754845311
5.54937235903
5.54956262649
5.54864110705
5.54881332123
5.54956627412
5.55003528574
5.549114585
5.54819416542
5.55001519999
5.55014828709
5.55025127673
5.55075051788
5.55256961198
5.55274725695
5.55292489576
5.55310252841
5.55343015264
5.5535280015
5.55440313365
5.55450086597
5.55586205946
5.55553815112
5.55524731897
5.55632498021
5.55540752908
5.55449035645
5.5541988876
5.55538729331
5.55560978381
5.55570309087
5.5554104801
5.55548589646
5.5545704677
5.55638160222
5.55659720281
5.55676874328
5.55857837223
5.55993466497
5.56075907951
5.56084715352
5.56129830527
5.56212207366
5.56229261032
5.5624631436
5.56263367348
5.56443896195
5.56460329743
5.56640747312
5.56549385298
5.56667542993
5.56802687375
5.5692074931
5.57019488089
5.57040120079
5.57175087952
5.5723561895
5.57353486971
5.57411796851
5.57427485852
5.57483735757
5.57538056046
5.5755429767
5.57570539292
5.57586780909
5.57721395331
5.57728205458
5.57826554185
5.57878960569
5.57787856003
5.57802943084
5.57894690769
5.57803644941
5.57818191117
5.57827244464
5.57847103334
5.57855704743
5.57863860068
5.57871575763
5.57887804247
5.57855613551
5.57898870998
5.57869653564
5.57888891586
5.58023003322
5.5804098205
5.5804826572
5.5801601255
5.58022882556
5.57990536874
5.57899945495
5.58078618097
5.58094281135
5.58111672316
5.58245506708
5.58379288503
5.58385698711
5.58392113252
5.58444258844
5.58509017954
5.58606706157
5.58612676361
5.5852225419
5.5843185877
5.58437473081
5.58347130468
5.58256814575
5.58271938927
5.58288755633
5.58198513874
5.5831515789
5.58431757124
5.58537400742
5.58634893052
5.58725886523
5.58635690173
5.58606634416
5.58692224162
5.58773186278
5.58683067488
5.5868751805
5.58691582944
5.58695267133
5.58698575465
5.58608588243
5.58611551877
5.58521617547
5.58536215923
5.58507206916
5.58478080575
5.58486380136
5.58491735948
5.58462517043
5.58639701376
5.58607736258
5.58693112215
5.58798306834
5.58829374262
5.58837200623
5.5880513782
5.58821374386
5.58826316102
5.58832474122
5.58917705877
5.58885571907
5.5890124875
5.58958708916
5.59055616301
5.59063015367
5.59067558122
5.59080052256
5.59212392668
5.59309172327
5.59413956191
5.59429548613
5.59445141173
5.5946073387
5.59479218905
5.59529185055
5.59571881446
5.59539705649
5.59629888754
5.59676704453
5.59712403146
5.59718083472
5.59685823301
5.5965666342
5.59627388926
5.59595068912
5.59636458114
5.59607094505
5.59518125107
5.59532146966
5.59663902208
5.59631537152
5.59638531975
5.59606079754
5.59576683565
5.59544152711
5.59559259536
5.59574366673
5.59589474121
5.59764850171
5.59837396525
5.59952307252
5.60127509379
5.60231586028
5.60244991776
5.60270819099
5.60366840258
5.60373339718
5.60462956494
5.60467063743
5.60551353159
5.6063109227
5.60542511303
5.60673542522
5.60788033922
5.60790614371
5.60792838497
5.60794710645
5.60878836415
5.60790364632
5.60791903071
5.6081688174
5.60820610455
5.60833455515
5.60947731135
5.60962103085
5.60976475622
5.60990848744
5.6101506324
5.61145644742
5.61150891765
5.61118401235
5.61089048348
5.61059584296
5.61030009691
5.61053513593
5.61106288364
5.61201692986
5.61169170265
5.61139508531
5.61218815652
5.6118621304
5.61153514076
5.61123779828
5.61137661856
5.6116046375
5.6112770914
5.61203024699
5.61215390709
5.61304307678
5.61317660609
5.61329525597
5.61341392217
5.61395864744
5.61407244749
5.61580482057
5.6159135754
